card_id,report_date,strategy,family,direction,entry_mode,entry,stop,tp1,tp2,tp3,card_R_points,policy,source,fill_status,entry_session,entry_rule,fill_reason,fill_ts,fill_px,R_points,risk_vs_card,unit,exit_px,exit_ts,exit_reason,R,R_card
2026-05-11_Trade_1,2026-05-11,Trade 1 - Daily Directional,Trade 1,LONG,MARKET,7398.93,7321.2,7476.66,7554.39,7626.93,77.73,card,baseline,FILLED,2026-05-12,MARKET at 09:00 open,,2026-05-12 09:00:00,7403.5,82.3,1.059,Unit 1,7476.66,2026-05-14 13:00:00,TP1 reached,0.889,1.0
2026-05-11_Trade_1,2026-05-11,Trade 1 - Daily Directional,Trade 1,LONG,MARKET,7398.93,7321.2,7476.66,7554.39,7626.93,77.73,card,baseline,FILLED,2026-05-12,MARKET at 09:00 open,,2026-05-12 09:00:00,7403.5,82.3,1.059,Unit 2,7403.5,2026-05-15 16:45:00,BE trail hit (BE_ON_TP1),0.0,0.059
2026-05-11_Trade_1,2026-05-11,Trade 1 - Daily Directional,Trade 1,LONG,MARKET,7398.93,7321.2,7476.66,7554.39,7626.93,77.73,card,baseline,FILLED,2026-05-12,MARKET at 09:00 open,,2026-05-12 09:00:00,7403.5,82.3,1.059,Unit 3,7402.0,2026-05-12 23:45:00,card runner time-stop at entry-session close,-0.018,0.039
2026-05-11_Trade_2,2026-05-11,Trade 2 - Pivot pullback (buy daily-S1),Trade 2,LONG,LIMIT,7358.92,7318.91,7380.21,7420.22,7441.51,40.01,card,baseline,FILLED,2026-05-12,LIMIT touched,,2026-05-12 18:15:00,7358.92,40.01,1.0,Unit 1,7380.21,2026-05-12 21:15:00,TP1 reached,0.532,0.532
2026-05-11_Trade_2,2026-05-11,Trade 2 - Pivot pullback (buy daily-S1),Trade 2,LONG,LIMIT,7358.92,7318.91,7380.21,7420.22,7441.51,40.01,card,baseline,FILLED,2026-05-12,LIMIT touched,,2026-05-12 18:15:00,7358.92,40.01,1.0,Unit 2,7420.22,2026-05-13 07:45:00,TP2 reached,1.532,1.532
2026-05-11_Trade_2,2026-05-11,Trade 2 - Pivot pullback (buy daily-S1),Trade 2,LONG,LIMIT,7358.92,7318.91,7380.21,7420.22,7441.51,40.01,card,baseline,FILLED,2026-05-12,LIMIT touched,,2026-05-12 18:15:00,7358.92,40.01,1.0,Unit 3,7441.51,2026-05-13 19:15:00,runner target reached,2.064,2.064
2026-05-11_Trade_3A,2026-05-11,Trade 3A - Momentum-Pullback (38.2% fib),Trade 3A,LONG,LIMIT,7316.24,7258.56,7373.91,7401.5,7486.76,57.68,card,baseline,NO FILL,2026-05-12,,LIMIT 7316.24 not reached from 09:00 to 23:00 on 2026-05-12 (range 7345.3-7415.5),,,,,All,,,,0.0,0.0
2026-05-12_Trade_1,2026-05-12,Trade 1 - Daily Directional,Trade 1,LONG,MARKET,7412.8,7344.0,7481.6,7550.4,7575.0,68.8,card,baseline,FILLED,2026-05-13,MARKET at 09:00 open,,2026-05-13 09:00:00,7421.8,77.8,1.131,Unit 1,7481.6,2026-05-14 15:15:00,TP1 reached,0.769,1.0
2026-05-12_Trade_1,2026-05-12,Trade 1 - Daily Directional,Trade 1,LONG,MARKET,7412.8,7344.0,7481.6,7550.4,7575.0,68.8,card,baseline,FILLED,2026-05-13,MARKET at 09:00 open,,2026-05-13 09:00:00,7421.8,77.8,1.131,Unit 2,7421.8,2026-05-15 11:30:00,BE trail hit (BE_ON_TP1),0.0,0.131
2026-05-12_Trade_1,2026-05-12,Trade 1 - Daily Directional,Trade 1,LONG,MARKET,7412.8,7344.0,7481.6,7550.4,7575.0,68.8,card,baseline,FILLED,2026-05-13,MARKET at 09:00 open,,2026-05-13 09:00:00,7421.8,77.8,1.131,Unit 3,7458.5,2026-05-13 23:45:00,card runner time-stop at entry-session close,0.472,0.664
2026-05-12_Trade_2,2026-05-12,"Trade 2 - Pivot (TREND_UP pullback, buy daily P)",Trade 2,LONG,LIMIT,7378.0,7344.0,7412.0,7446.0,7460.9,34.0,card,baseline,NO FILL,2026-05-13,,LIMIT 7378.0 not reached from 09:00 to 23:00 on 2026-05-13 (range 7381.5-7466.0),,,,,All,,,,0.0,0.0
2026-05-12_Trade_3A,2026-05-12,Trade 3A - Momentum-Pullback (38.2% fib),Trade 3A,LONG,LIMIT,7362.0,7310.0,7381.9,7429.0,7626.0,52.0,card,baseline,NO FILL,2026-05-13,,LIMIT 7362.0 not reached from 09:00 to 23:00 on 2026-05-13 (range 7381.5-7466.0),,,,,All,,,,0.0,0.0
2026-05-13_Trade_1,2026-05-13,Trade 1 - Daily Directional,Trade 1,n/a,MARKET,,,,,,,card,baseline,SUPPRESSED,,,,,,,,All,,,,0.0,0.0
2026-05-13_Trade_2,2026-05-13,"Trade 2 - Pivot (TREND breakout, buy stop)",Trade 2,LONG,STOP,7385.06,7363.09,7423.12,7434.21,7445.29,21.97,card,baseline,FILLED,2026-05-14,STOP already marketable at 09:00 - filled at open,,2026-05-14 09:00:00,7466.1,103.01,4.689,Unit 1,7423.12,2026-05-14 09:00:00,TP1 reached,-0.417,1.732
2026-05-13_Trade_2,2026-05-13,"Trade 2 - Pivot (TREND breakout, buy stop)",Trade 2,LONG,STOP,7385.06,7363.09,7423.12,7434.21,7445.29,21.97,card,baseline,FILLED,2026-05-14,STOP already marketable at 09:00 - filled at open,,2026-05-14 09:00:00,7466.1,103.01,4.689,Unit 2,7434.21,2026-05-14 09:00:00,TP2 reached,-0.31,2.237
2026-05-13_Trade_2,2026-05-13,"Trade 2 - Pivot (TREND breakout, buy stop)",Trade 2,LONG,STOP,7385.06,7363.09,7423.12,7434.21,7445.29,21.97,card,baseline,FILLED,2026-05-14,STOP already marketable at 09:00 - filled at open,,2026-05-14 09:00:00,7466.1,103.01,4.689,Unit 3,7445.29,2026-05-14 09:00:00,runner target reached,-0.202,2.741
2026-05-13_Trade_3C,2026-05-13,Trade 3C - Momentum-Breakout (buy stop),Trade 3C,LONG,STOP,7432.0,7335.0,7529.0,7626.0,7606.0,97.0,card,baseline,FILLED,2026-05-14,STOP already marketable at 09:00 - filled at open,,2026-05-14 09:00:00,7466.1,131.1,1.352,Unit 1,7529.0,2026-05-25 02:30:00,TP1 reached,0.48,1.0
2026-05-13_Trade_3C,2026-05-13,Trade 3C - Momentum-Breakout (buy stop),Trade 3C,LONG,STOP,7432.0,7335.0,7529.0,7626.0,7606.0,97.0,card,baseline,FILLED,2026-05-14,STOP already marketable at 09:00 - filled at open,,2026-05-14 09:00:00,7466.1,131.1,1.352,Unit 2,7466.1,2026-06-05 19:15:00,BE trail hit (BE_ON_TP1),0.0,0.352
2026-05-13_Trade_3C,2026-05-13,Trade 3C - Momentum-Breakout (buy stop),Trade 3C,LONG,STOP,7432.0,7335.0,7529.0,7626.0,7606.0,97.0,card,baseline,FILLED,2026-05-14,STOP already marketable at 09:00 - filled at open,,2026-05-14 09:00:00,7466.1,131.1,1.352,Unit 3,7504.1,2026-05-14 23:45:00,card runner time-stop at entry-session close,0.29,0.743
2026-05-14_Trade_1,2026-05-14,Trade 1 - Daily Directional,Trade 1,n/a,MARKET,,,,,,,card,baseline,SUPPRESSED,,,,,,,,All,,,,0.0,0.0
2026-05-14_Trade_2,2026-05-14,Trade 2 - Pivot (buy limit weekly P),Trade 2,LONG,LIMIT,7402.0,7367.0,7437.0,7472.0,7540.0,35.0,card,baseline,FILLED,2026-05-15,LIMIT touched,,2026-05-15 23:00:00,7402.0,35.0,1.0,Unit 1,7367.0,2026-05-18 03:00:00,stopped out,-1.0,-1.0
2026-05-14_Trade_2,2026-05-14,Trade 2 - Pivot (buy limit weekly P),Trade 2,LONG,LIMIT,7402.0,7367.0,7437.0,7472.0,7540.0,35.0,card,baseline,FILLED,2026-05-15,LIMIT touched,,2026-05-15 23:00:00,7402.0,35.0,1.0,Unit 2,7367.0,2026-05-18 03:00:00,stopped out,-1.0,-1.0
2026-05-14_Trade_2,2026-05-14,Trade 2 - Pivot (buy limit weekly P),Trade 2,LONG,LIMIT,7402.0,7367.0,7437.0,7472.0,7540.0,35.0,card,baseline,FILLED,2026-05-15,LIMIT touched,,2026-05-15 23:00:00,7402.0,35.0,1.0,Unit 3,7400.8,2026-05-15 23:45:00,card runner time-stop at entry-session close,-0.034,-0.034
2026-05-14_Trade_3A,2026-05-14,Trade 3A - Momentum-Pullback (38.2% fib),Trade 3A,LONG,LIMIT,7422.0,7378.0,7449.0,7495.0,7540.0,44.0,card,baseline,FILLED,2026-05-15,LIMIT touched,,2026-05-15 11:30:00,7422.0,44.0,1.0,Unit 1,7449.0,2026-05-15 13:45:00,TP1 reached,0.614,0.614
2026-05-14_Trade_3A,2026-05-14,Trade 3A - Momentum-Pullback (38.2% fib),Trade 3A,LONG,LIMIT,7422.0,7378.0,7449.0,7495.0,7540.0,44.0,card,baseline,FILLED,2026-05-15,LIMIT touched,,2026-05-15 11:30:00,7422.0,44.0,1.0,Unit 2,7422.0,2026-05-15 15:00:00,BE trail hit (BE_ON_TP1),0.0,0.0
2026-05-14_Trade_3A,2026-05-14,Trade 3A - Momentum-Pullback (38.2% fib),Trade 3A,LONG,LIMIT,7422.0,7378.0,7449.0,7495.0,7540.0,44.0,card,baseline,FILLED,2026-05-15,LIMIT touched,,2026-05-15 11:30:00,7422.0,44.0,1.0,Unit 3,7422.0,2026-05-15 15:00:00,BE trail hit (BE_ON_TP1),0.0,0.0
2026-05-15_Trade_1,2026-05-15,Trade 1 - Daily Directional,Trade 1,LONG,MARKET,7501.59,7453.59,7549.59,7597.59,7681.59,48.0,card,baseline,SKIPPED_MALFORMED,2026-05-18,MARKET at 15:30 open,,2026-05-18 15:30:00,7405.0,48.59,1.012,All,,,MALFORMED - stop on wrong side of fill; not taken,0.0,0.0
2026-05-15_Trade_2,2026-05-15,"Trade 2 - Pivot (TREND breakout, buy stop)",Trade 2,LONG,STOP,7485.68,7461.74,7525.66,7549.73,,23.94,card,baseline,NO FILL,2026-05-18,,STOP 7485.68 not reached from 09:00 to 23:00 on 2026-05-18 (range 7358.0-7438.5),,,,,All,,,,0.0,0.0
2026-05-15_Trade_3C,2026-05-15,Trade 3C - Momentum-Breakout (buy stop),Trade 3C,LONG,STOP,7510.0,7425.0,7595.0,7680.0,,85.0,card,baseline,NO FILL,2026-05-18,,STOP 7510.0 not reached from 09:00 to 23:00 on 2026-05-18 (range 7358.0-7438.5),,,,,All,,,,0.0,0.0
2026-05-18_Trade_1,2026-05-18,Trade 1 - Daily Directional,Trade 1,SHORT,MARKET,7457.31,7466.1,7448.52,7439.73,7322.31,8.79,card,baseline,FILLED,2026-05-19,MARKET at 09:00 open,,2026-05-19 09:00:00,7386.5,79.6,9.056,Unit 1,7448.52,2026-05-19 09:00:00,TP1 reached,-0.779,1.0
2026-05-18_Trade_1,2026-05-18,Trade 1 - Daily Directional,Trade 1,SHORT,MARKET,7457.31,7466.1,7448.52,7439.73,7322.31,8.79,card,baseline,FILLED,2026-05-19,MARKET at 09:00 open,,2026-05-19 09:00:00,7386.5,79.6,9.056,Unit 2,7439.73,2026-05-19 09:00:00,TP2 reached,-0.669,2.0
2026-05-18_Trade_1,2026-05-18,Trade 1 - Daily Directional,Trade 1,SHORT,MARKET,7457.31,7466.1,7448.52,7439.73,7322.31,8.79,card,baseline,FILLED,2026-05-19,MARKET at 09:00 open,,2026-05-19 09:00:00,7386.5,79.6,9.056,Unit 3,7386.5,2026-05-19 09:00:00,BE trail hit (BE_ON_TP1),-0.0,8.056
2026-05-18_Trade_2,2026-05-18,Trade 2 - Pivot fade (sell limit daily R1),Trade 2,SHORT,LIMIT,7443.07,7482.13,7404.0,7420.28,7385.72,39.07,card,baseline,NO FILL,2026-05-19,,LIMIT 7443.07 not reached from 09:00 to 23:00 on 2026-05-19 (range 7339.1-7417.8),,,,,All,,,,0.0,0.0
2026-05-18_Trade_3C,2026-05-18,"Trade 3C - Transition Breakout (sell stop, conditional)",Trade 3C,SHORT,STOP,7386.25,7459.35,7326.23,7229.13,7186.39,73.1,card,baseline,FILLED,2026-05-19,STOP touched,,2026-05-19 09:00:00,7386.25,73.1,1.0,Unit 1,7459.35,2026-05-21 20:45:00,stopped out,-1.0,-1.0
2026-05-18_Trade_3C,2026-05-18,"Trade 3C - Transition Breakout (sell stop, conditional)",Trade 3C,SHORT,STOP,7386.25,7459.35,7326.23,7229.13,7186.39,73.1,card,baseline,FILLED,2026-05-19,STOP touched,,2026-05-19 09:00:00,7386.25,73.1,1.0,Unit 2,7459.35,2026-05-21 20:45:00,stopped out,-1.0,-1.0
2026-05-18_Trade_3C,2026-05-18,"Trade 3C - Transition Breakout (sell stop, conditional)",Trade 3C,SHORT,STOP,7386.25,7459.35,7326.23,7229.13,7186.39,73.1,card,baseline,FILLED,2026-05-19,STOP touched,,2026-05-19 09:00:00,7386.25,73.1,1.0,Unit 3,7459.35,2026-05-21 20:45:00,stopped out,-1.0,-1.0
2026-05-19_Trade_1,2026-05-19,Trade 1 - Daily Directional (mean-reversion),Trade 1,LONG,MARKET,7403.05,7335.0,7434.0,7490.0,7573.0,68.05,card,baseline,FILLED,2026-05-20,MARKET at 09:00 open,,2026-05-20 09:00:00,7361.9,26.9,0.395,Unit 1,7434.0,2026-05-20 18:15:00,TP1 reached,2.68,0.455
2026-05-19_Trade_1,2026-05-19,Trade 1 - Daily Directional (mean-reversion),Trade 1,LONG,MARKET,7403.05,7335.0,7434.0,7490.0,7573.0,68.05,card,baseline,FILLED,2026-05-20,MARKET at 09:00 open,,2026-05-20 09:00:00,7361.9,26.9,0.395,Unit 2,7490.0,2026-05-22 16:00:00,TP2 reached,4.762,1.278
2026-05-19_Trade_1,2026-05-19,Trade 1 - Daily Directional (mean-reversion),Trade 1,LONG,MARKET,7403.05,7335.0,7434.0,7490.0,7573.0,68.05,card,baseline,FILLED,2026-05-20,MARKET at 09:00 open,,2026-05-20 09:00:00,7361.9,26.9,0.395,Unit 3,7573.0,2026-05-28 20:45:00,runner target reached,7.848,2.497
2026-05-19_Trade_2,2026-05-19,Trade 2 - Pivot (buy limit daily S1),Trade 2,LONG,LIMIT,7371.85,7348.0,7403.0,7434.0,7490.0,23.85,card,baseline,FILLED,2026-05-20,LIMIT already marketable at 09:00 - filled at open,,2026-05-20 09:00:00,7361.9,13.9,0.583,Unit 1,7403.0,2026-05-20 17:15:00,TP1 reached,2.957,1.306
2026-05-19_Trade_2,2026-05-19,Trade 2 - Pivot (buy limit daily S1),Trade 2,LONG,LIMIT,7371.85,7348.0,7403.0,7434.0,7490.0,23.85,card,baseline,FILLED,2026-05-20,LIMIT already marketable at 09:00 - filled at open,,2026-05-20 09:00:00,7361.9,13.9,0.583,Unit 2,7434.0,2026-05-20 18:15:00,TP2 reached,5.187,2.606
2026-05-19_Trade_2,2026-05-19,Trade 2 - Pivot (buy limit daily S1),Trade 2,LONG,LIMIT,7371.85,7348.0,7403.0,7434.0,7490.0,23.85,card,baseline,FILLED,2026-05-20,LIMIT already marketable at 09:00 - filled at open,,2026-05-20 09:00:00,7361.9,13.9,0.583,Unit 3,7490.0,2026-05-22 16:00:00,runner target reached,9.216,4.954
2026-05-19_Trade_3A,2026-05-19,Trade 3A - Momentum-Pullback (layered fib limits),Trade 3A,LONG,LIMIT,7435.5,7360.0,7490.0,7517.0,7573.0,75.5,card,baseline,SKIPPED_MICRO_R,2026-05-20,LIMIT already marketable at 09:00 - filled at open,,2026-05-20 09:00:00,7361.9,1.9,0.025,All,,,MICRO-R - realised risk 1.9 < 0.25 x card R 75.5; not taken,0.0,0.0
2026-05-20_Trade_1,2026-05-20,Trade 1 - Daily Directional,Trade 1,n/a,MARKET,,,,,,,card,baseline,SUPPRESSED,,,,,,,,All,,,,0.0,0.0
2026-05-20_Trade_2,2026-05-20,Trade 2 - Pivot (weekly TREND breakout),Trade 2,LONG,STOP,7442.17,7372.92,7488.61,7528.67,7568.73,69.25,card,baseline,FILLED,2026-05-21,STOP touched,,2026-05-21 20:15:00,7442.17,69.25,1.0,Unit 1,7488.61,2026-05-22 15:45:00,TP1 reached,0.671,0.671
2026-05-20_Trade_2,2026-05-20,Trade 2 - Pivot (weekly TREND breakout),Trade 2,LONG,STOP,7442.17,7372.92,7488.61,7528.67,7568.73,69.25,card,baseline,FILLED,2026-05-21,STOP touched,,2026-05-21 20:15:00,7442.17,69.25,1.0,Unit 2,7528.67,2026-05-25 02:30:00,TP2 reached,1.249,1.249
2026-05-20_Trade_2,2026-05-20,Trade 2 - Pivot (weekly TREND breakout),Trade 2,LONG,STOP,7442.17,7372.92,7488.61,7528.67,7568.73,69.25,card,baseline,FILLED,2026-05-21,STOP touched,,2026-05-21 20:15:00,7442.17,69.25,1.0,Unit 3,7452.3,2026-05-21 23:45:00,card runner time-stop at entry-session close,0.146,0.146
2026-05-20_Trade_3A,2026-05-20,Trade 3A - Momentum-Pullback (demand-zone retest),Trade 3A,LONG,LIMIT,7360.0,7325.0,7395.0,7433.31,7453.09,35.0,card,baseline,NO FILL,2026-05-21,,LIMIT 7360.0 not reached from 09:00 to 23:00 on 2026-05-21 (range 7394.1-7471.8),,,,,All,,,,0.0,0.0
2026-05-21_Trade_1,2026-05-21,Trade 1 - Daily Directional,Trade 1,LONG,MARKET,7432.97,7326.24,7539.7,7646.43,7612.49,106.73,card,baseline,FILLED,2026-05-22,MARKET at 09:00 open,,2026-05-22 09:00:00,7470.9,144.66,1.355,Unit 1,7539.7,2026-05-25 05:45:00,TP1 reached,0.476,1.0
2026-05-21_Trade_1,2026-05-21,Trade 1 - Daily Directional,Trade 1,LONG,MARKET,7432.97,7326.24,7539.7,7646.43,7612.49,106.73,card,baseline,FILLED,2026-05-22,MARKET at 09:00 open,,2026-05-22 09:00:00,7470.9,144.66,1.355,Unit 2,7470.9,2026-06-05 19:00:00,BE trail hit (BE_ON_TP1),0.0,0.355
2026-05-21_Trade_1,2026-05-21,Trade 1 - Daily Directional,Trade 1,LONG,MARKET,7432.97,7326.24,7539.7,7646.43,7612.49,106.73,card,baseline,FILLED,2026-05-22,MARKET at 09:00 open,,2026-05-22 09:00:00,7470.9,144.66,1.355,Unit 3,7470.9,2026-05-22 23:45:00,card runner time-stop at entry-session close,0.0,0.355
2026-05-21_Trade_2,2026-05-21,Trade 2 - Pivot (TRANSITION breakout side),Trade 2,LONG,STOP,7442.42,7375.01,7486.61,7525.67,7564.73,67.41,card,baseline,FILLED,2026-05-22,STOP already marketable at 09:00 - filled at open,,2026-05-22 09:00:00,7470.9,95.89,1.422,Unit 1,7486.61,2026-05-22 15:45:00,TP1 reached,0.164,0.656
2026-05-21_Trade_2,2026-05-21,Trade 2 - Pivot (TRANSITION breakout side),Trade 2,LONG,STOP,7442.42,7375.01,7486.61,7525.67,7564.73,67.41,card,baseline,FILLED,2026-05-22,STOP already marketable at 09:00 - filled at open,,2026-05-22 09:00:00,7470.9,95.89,1.422,Unit 2,7470.9,2026-05-22 17:15:00,BE trail hit (BE_ON_TP1),0.0,0.422
2026-05-21_Trade_2,2026-05-21,Trade 2 - Pivot (TRANSITION breakout side),Trade 2,LONG,STOP,7442.42,7375.01,7486.61,7525.67,7564.73,67.41,card,baseline,FILLED,2026-05-22,STOP already marketable at 09:00 - filled at open,,2026-05-22 09:00:00,7470.9,95.89,1.422,Unit 3,7470.9,2026-05-22 17:15:00,BE trail hit (BE_ON_TP1),0.0,0.422
2026-05-21_Trade_3C,2026-05-21,Trade 3C - Range Breakout (conditional),Trade 3C,LONG,CONDITIONAL,7515.81,7225.11,7960.42,8190.21,,290.7,card,baseline,FILLED,2026-05-26,MARKET at 09:00 open,confirmed close 7552.7 on 2026-05-25; ,2026-05-26 09:00:00,7525.7,300.59,1.034,Unit 1,7741.2,2026-09-03 23:45:00,unresolved at end of data - MTM,0.717,0.775
2026-05-21_Trade_3C,2026-05-21,Trade 3C - Range Breakout (conditional),Trade 3C,LONG,CONDITIONAL,7515.81,7225.11,7960.42,8190.21,,290.7,card,baseline,FILLED,2026-05-26,MARKET at 09:00 open,confirmed close 7552.7 on 2026-05-25; ,2026-05-26 09:00:00,7525.7,300.59,1.034,Unit 2,7741.2,2026-09-03 23:45:00,unresolved at end of data - MTM,0.717,0.775
2026-05-21_Trade_3C,2026-05-21,Trade 3C - Range Breakout (conditional),Trade 3C,LONG,CONDITIONAL,7515.81,7225.11,7960.42,8190.21,,290.7,card,baseline,FILLED,2026-05-26,MARKET at 09:00 open,confirmed close 7552.7 on 2026-05-25; ,2026-05-26 09:00:00,7525.7,300.59,1.034,Unit 3,7741.2,2026-09-03 23:45:00,unresolved at end of data - MTM,0.717,0.775
2026-05-22_Trade_1,2026-05-22,Trade 1 - Daily Directional,Trade 1,n/a,MARKET,,,,,,,card,baseline,SUPPRESSED,,,,,,,,All,,,,0.0,0.0
2026-05-22_Trade_2,2026-05-22,Trade 2 - Pivot (TRANSITION breakout side),Trade 2,LONG,STOP,7415.0,7355.0,7437.0,7475.0,7501.0,60.0,card,baseline,FILLED,2026-05-25,STOP already marketable at 09:00 - filled at open,,2026-05-25 09:00:00,7549.1,194.1,3.235,Unit 1,7437.0,2026-05-25 09:00:00,TP1 reached,-0.578,0.367
2026-05-22_Trade_2,2026-05-22,Trade 2 - Pivot (TRANSITION breakout side),Trade 2,LONG,STOP,7415.0,7355.0,7437.0,7475.0,7501.0,60.0,card,baseline,FILLED,2026-05-25,STOP already marketable at 09:00 - filled at open,,2026-05-25 09:00:00,7549.1,194.1,3.235,Unit 2,7475.0,2026-05-25 09:00:00,TP2 reached,-0.382,1.0
2026-05-22_Trade_2,2026-05-22,Trade 2 - Pivot (TRANSITION breakout side),Trade 2,LONG,STOP,7415.0,7355.0,7437.0,7475.0,7501.0,60.0,card,baseline,FILLED,2026-05-25,STOP already marketable at 09:00 - filled at open,,2026-05-25 09:00:00,7549.1,194.1,3.235,Unit 3,7501.0,2026-05-25 09:00:00,runner target reached,-0.248,1.433
2026-05-22_Trade_3C,2026-05-22,Trade 3C - Momentum-Breakout (conditional),Trade 3C,LONG,CONDITIONAL,7539.0,7193.0,8057.0,8327.0,,346.0,card,baseline,FILLED,2026-05-26,MARKET at 09:00 open,confirmed close 7552.7 on 2026-05-25; ,2026-05-26 09:00:00,7525.7,332.7,0.962,Unit 1,7741.2,2026-09-03 23:45:00,unresolved at end of data - MTM,0.648,0.584
2026-05-22_Trade_3C,2026-05-22,Trade 3C - Momentum-Breakout (conditional),Trade 3C,LONG,CONDITIONAL,7539.0,7193.0,8057.0,8327.0,,346.0,card,baseline,FILLED,2026-05-26,MARKET at 09:00 open,confirmed close 7552.7 on 2026-05-25; ,2026-05-26 09:00:00,7525.7,332.7,0.962,Unit 2,7741.2,2026-09-03 23:45:00,unresolved at end of data - MTM,0.648,0.584
2026-05-22_Trade_3C,2026-05-22,Trade 3C - Momentum-Breakout (conditional),Trade 3C,LONG,CONDITIONAL,7539.0,7193.0,8057.0,8327.0,,346.0,card,baseline,FILLED,2026-05-26,MARKET at 09:00 open,confirmed close 7552.7 on 2026-05-25; ,2026-05-26 09:00:00,7525.7,332.7,0.962,Unit 3,7741.2,2026-09-03 23:45:00,unresolved at end of data - MTM,0.648,0.584
2026-05-25_Trade_1,2026-05-25,Trade 1 - Daily Directional,Trade 1,LONG,MARKET,7473.47,7403.3,7543.64,7613.81,7689.0,70.17,card,baseline,FILLED,2026-05-26,MARKET at 09:00 open,,2026-05-26 09:00:00,7525.7,122.4,1.744,Unit 1,7543.64,2026-05-27 11:15:00,TP1 reached,0.147,1.0
2026-05-25_Trade_1,2026-05-25,Trade 1 - Daily Directional,Trade 1,LONG,MARKET,7473.47,7403.3,7543.64,7613.81,7689.0,70.17,card,baseline,FILLED,2026-05-26,MARKET at 09:00 open,,2026-05-26 09:00:00,7525.7,122.4,1.744,Unit 2,7525.7,2026-05-27 16:30:00,BE trail hit (BE_ON_TP1),0.0,0.744
2026-05-25_Trade_1,2026-05-25,Trade 1 - Daily Directional,Trade 1,LONG,MARKET,7473.47,7403.3,7543.64,7613.81,7689.0,70.17,card,baseline,FILLED,2026-05-26,MARKET at 09:00 open,,2026-05-26 09:00:00,7525.7,122.4,1.744,Unit 3,7521.5,2026-05-26 23:45:00,card runner time-stop at entry-session close,-0.034,0.684
2026-05-25_Trade_2,2026-05-25,"Trade 2 - Pivot (TREND breakout, buy stop)",Trade 2,LONG,STOP,7447.53,7426.43,7468.98,7480.61,7492.24,21.1,card,baseline,FILLED,2026-05-26,STOP already marketable at 09:00 - filled at open,,2026-05-26 09:00:00,7525.7,99.27,4.705,Unit 1,7468.98,2026-05-26 09:00:00,TP1 reached,-0.571,1.017
2026-05-25_Trade_2,2026-05-25,"Trade 2 - Pivot (TREND breakout, buy stop)",Trade 2,LONG,STOP,7447.53,7426.43,7468.98,7480.61,7492.24,21.1,card,baseline,FILLED,2026-05-26,STOP already marketable at 09:00 - filled at open,,2026-05-26 09:00:00,7525.7,99.27,4.705,Unit 2,7480.61,2026-05-26 09:00:00,TP2 reached,-0.454,1.568
2026-05-25_Trade_2,2026-05-25,"Trade 2 - Pivot (TREND breakout, buy stop)",Trade 2,LONG,STOP,7447.53,7426.43,7468.98,7480.61,7492.24,21.1,card,baseline,FILLED,2026-05-26,STOP already marketable at 09:00 - filled at open,,2026-05-26 09:00:00,7525.7,99.27,4.705,Unit 3,7492.24,2026-05-26 09:00:00,runner target reached,-0.337,2.119
2026-05-25_Trade_3A,2026-05-25,Trade 3A - Momentum-Pullback (57.5% fib),Trade 3A,LONG,LIMIT,7400.82,7320.9,7428.94,7484.6,7630.3,79.9,card,baseline,NO FILL,2026-05-26,,LIMIT 7400.82 not reached from 09:00 to 23:00 on 2026-05-26 (range 7505.5-7543.5),,,,,All,,,,0.0,0.0
2026-05-26_Trade_1,2026-05-26,Trade 1 - Daily Directional,Trade 1,LONG,MARKET,7473.47,7397.96,7548.98,7624.5,7757.0,76.0,card,baseline,FILLED,2026-05-27,MARKET at 09:00 open,,2026-05-27 09:00:00,7533.0,135.04,1.788,Unit 1,7548.98,2026-05-27 12:30:00,TP1 reached,0.118,1.0
2026-05-26_Trade_1,2026-05-26,Trade 1 - Daily Directional,Trade 1,LONG,MARKET,7473.47,7397.96,7548.98,7624.5,7757.0,76.0,card,baseline,FILLED,2026-05-27,MARKET at 09:00 open,,2026-05-27 09:00:00,7533.0,135.04,1.788,Unit 2,7533.0,2026-05-27 16:15:00,BE trail hit (BE_ON_TP1),0.0,0.788
2026-05-26_Trade_1,2026-05-26,Trade 1 - Daily Directional,Trade 1,LONG,MARKET,7473.47,7397.96,7548.98,7624.5,7757.0,76.0,card,baseline,FILLED,2026-05-27,MARKET at 09:00 open,,2026-05-27 09:00:00,7533.0,135.04,1.788,Unit 3,7533.0,2026-05-27 16:15:00,BE trail hit (BE_ON_TP1),0.0,0.788
2026-05-26_Trade_2,2026-05-26,"Trade 2 - Pivot (TRANSITION breakout, buy stop)",Trade 2,LONG,STOP,7448.3,7426.33,7470.15,7482.36,7494.57,22.0,card,baseline,FILLED,2026-05-27,STOP already marketable at 09:00 - filled at open,,2026-05-27 09:00:00,7533.0,106.67,4.855,Unit 1,7470.15,2026-05-27 09:00:00,TP1 reached,-0.589,0.995
2026-05-26_Trade_2,2026-05-26,"Trade 2 - Pivot (TRANSITION breakout, buy stop)",Trade 2,LONG,STOP,7448.3,7426.33,7470.15,7482.36,7494.57,22.0,card,baseline,FILLED,2026-05-27,STOP already marketable at 09:00 - filled at open,,2026-05-27 09:00:00,7533.0,106.67,4.855,Unit 2,7482.36,2026-05-27 09:00:00,TP2 reached,-0.475,1.55
2026-05-26_Trade_2,2026-05-26,"Trade 2 - Pivot (TRANSITION breakout, buy stop)",Trade 2,LONG,STOP,7448.3,7426.33,7470.15,7482.36,7494.57,22.0,card,baseline,FILLED,2026-05-27,STOP already marketable at 09:00 - filled at open,,2026-05-27 09:00:00,7533.0,106.67,4.855,Unit 3,7494.57,2026-05-27 09:00:00,runner target reached,-0.36,2.106
2026-05-26_Trade_3C,2026-05-26,Trade 3C - Range Breakout (conditional),Trade 3C,LONG,CONDITIONAL,7574.6,7160.29,8202.09,8527.65,,414.31,card,baseline,FILLED,2026-05-29,MARKET at 09:00 open,confirmed close 7578.2 on 2026-05-28; ,2026-05-29 09:00:00,7576.3,416.01,1.004,Unit 1,7741.2,2026-09-03 23:45:00,unresolved at end of data - MTM,0.396,0.402
2026-05-26_Trade_3C,2026-05-26,Trade 3C - Range Breakout (conditional),Trade 3C,LONG,CONDITIONAL,7574.6,7160.29,8202.09,8527.65,,414.31,card,baseline,FILLED,2026-05-29,MARKET at 09:00 open,confirmed close 7578.2 on 2026-05-28; ,2026-05-29 09:00:00,7576.3,416.01,1.004,Unit 2,7741.2,2026-09-03 23:45:00,unresolved at end of data - MTM,0.396,0.402
2026-05-26_Trade_3C,2026-05-26,Trade 3C - Range Breakout (conditional),Trade 3C,LONG,CONDITIONAL,7574.6,7160.29,8202.09,8527.65,,414.31,card,baseline,FILLED,2026-05-29,MARKET at 09:00 open,confirmed close 7578.2 on 2026-05-28; ,2026-05-29 09:00:00,7576.3,416.01,1.004,Unit 3,7741.2,2026-09-03 23:45:00,unresolved at end of data - MTM,0.396,0.402
2026-05-27_Trade_1,2026-05-27,Trade 1 - Daily Directional,Trade 1,LONG,MARKET,7519.12,7330.35,7707.89,7896.66,7694.93,188.8,card,baseline,FILLED,2026-05-28,MARKET at 16:30 open,,2026-05-28 16:30:00,7525.0,194.65,1.031,Unit 1,7330.35,2026-06-09 18:15:00,stopped out,-1.0,-1.0
2026-05-27_Trade_1,2026-05-27,Trade 1 - Daily Directional,Trade 1,LONG,MARKET,7519.12,7330.35,7707.89,7896.66,7694.93,188.8,card,baseline,FILLED,2026-05-28,MARKET at 16:30 open,,2026-05-28 16:30:00,7525.0,194.65,1.031,Unit 2,7330.35,2026-06-09 18:15:00,stopped out,-1.0,-1.0
2026-05-27_Trade_1,2026-05-27,Trade 1 - Daily Directional,Trade 1,LONG,MARKET,7519.12,7330.35,7707.89,7896.66,7694.93,188.8,card,baseline,FILLED,2026-05-28,MARKET at 16:30 open,,2026-05-28 16:30:00,7525.0,194.65,1.031,Unit 3,7578.2,2026-05-28 23:45:00,card runner time-stop at entry-session close,0.273,0.313
2026-05-27_Trade_2,2026-05-27,Trade 2 - Pivot (TREND_UP),Trade 2,LONG,LIMIT,7451.26,7389.82,7538.19,7570.56,7602.92,61.4,card,baseline,NO FILL,2026-05-28,,LIMIT 7451.26 not reached from 09:00 to 23:00 on 2026-05-28 (range 7505.4-7579.7),,,,,All,,,,0.0,0.0
2026-05-27_Trade_3A,2026-05-27,Trade 3A - Momentum-Pullback (57.5% fib),Trade 3A,LONG,LIMIT,7421.5,7330.35,7456.24,7525.0,7705.0,91.2,card,baseline,NO FILL,2026-05-28,,LIMIT 7421.5 not reached from 09:00 to 23:00 on 2026-05-28 (range 7505.4-7579.7),,,,,All,,,,0.0,0.0
2026-05-28_Trade_1,2026-05-28,Trade 1 - Daily Directional,Trade 1,LONG,MARKET,7519.0,7471.2,7548.41,7575.81,7616.3,47.8,card,baseline,FILLED,2026-05-29,MARKET at 09:00 open,,2026-05-29 09:00:00,7576.3,105.1,2.199,Unit 1,7548.41,2026-05-29 09:00:00,TP1 reached,-0.265,0.615
2026-05-28_Trade_1,2026-05-28,Trade 1 - Daily Directional,Trade 1,LONG,MARKET,7519.0,7471.2,7548.41,7575.81,7616.3,47.8,card,baseline,FILLED,2026-05-29,MARKET at 09:00 open,,2026-05-29 09:00:00,7576.3,105.1,2.199,Unit 2,7575.81,2026-05-29 09:00:00,TP2 reached,-0.005,1.188
2026-05-28_Trade_1,2026-05-28,Trade 1 - Daily Directional,Trade 1,LONG,MARKET,7519.0,7471.2,7548.41,7575.81,7616.3,47.8,card,baseline,FILLED,2026-05-29,MARKET at 09:00 open,,2026-05-29 09:00:00,7576.3,105.1,2.199,Unit 3,7576.3,2026-05-29 09:00:00,BE trail hit (BE_ON_TP1),0.0,1.199
2026-05-28_Trade_2,2026-05-28,Trade 2 - Pivot (daily P / weekly R1 retest),Trade 2,LONG,LIMIT,7510.0,7479.0,7545.56,7577.69,7606.21,31.0,card,baseline,NO FILL,2026-05-29,,LIMIT 7510.0 not reached from 09:00 to 23:00 on 2026-05-29 (range 7567.9-7601.8),,,,,All,,,,0.0,0.0
2026-05-28_Trade_3A,2026-05-28,Trade 3A - Momentum-Pullback,Trade 3A,LONG,LIMIT,7495.0,7471.0,7539.09,7567.0,7597.0,24.0,card,baseline,NO FILL,2026-05-29,,LIMIT 7495.0 not reached from 09:00 to 23:00 on 2026-05-29 (range 7567.9-7601.8),,,,,All,,,,0.0,0.0
2026-05-29_Trade_1,2026-05-29,Trade 1 - Daily Directional,Trade 1,LONG,LIMIT,7535.0,7495.0,7575.0,7615.0,7655.0,40.0,card,baseline,NO FILL,2026-06-01,,LIMIT 7535.0 not reached from 09:00 to 23:00 on 2026-06-01 (range 7568.5-7623.6),,,,,All,,,,0.0,0.0
2026-05-29_Trade_2,2026-05-29,Trade 2 - Pivot (buy limit daily P),Trade 2,LONG,LIMIT,7551.0,7517.0,7585.0,7619.0,7670.0,34.0,card,baseline,NO FILL,2026-06-01,,LIMIT 7551.0 not reached from 09:00 to 23:00 on 2026-06-01 (range 7568.5-7623.6),,,,,All,,,,0.0,0.0
2026-05-29_Trade_3A,2026-05-29,Trade 3A - Momentum-Pullback (breakout stop),Trade 3A,LONG,STOP,7572.0,7528.0,7616.0,7660.0,7750.0,44.0,card,baseline,FILLED,2026-06-01,STOP already marketable at 09:00 - filled at open,,2026-06-01 09:00:00,7610.0,82.0,1.864,Unit 1,7616.0,2026-06-01 20:30:00,TP1 reached,0.073,1.0
2026-05-29_Trade_3A,2026-05-29,Trade 3A - Momentum-Pullback (breakout stop),Trade 3A,LONG,STOP,7572.0,7528.0,7616.0,7660.0,7750.0,44.0,card,baseline,FILLED,2026-06-01,STOP already marketable at 09:00 - filled at open,,2026-06-01 09:00:00,7610.0,82.0,1.864,Unit 2,7610.0,2026-06-01 20:30:00,BE trail hit (BE_ON_TP1),0.0,0.864
2026-05-29_Trade_3A,2026-05-29,Trade 3A - Momentum-Pullback (breakout stop),Trade 3A,LONG,STOP,7572.0,7528.0,7616.0,7660.0,7750.0,44.0,card,baseline,FILLED,2026-06-01,STOP already marketable at 09:00 - filled at open,,2026-06-01 09:00:00,7610.0,82.0,1.864,Unit 3,7610.0,2026-06-01 20:30:00,BE trail hit (BE_ON_TP1),0.0,0.864
2026-06-01_Trade_1,2026-06-01,Trade 1 - Daily Directional (breakout stop),Trade 1,LONG,STOP,7599.5,7562.6,7636.5,7673.5,7715.5,36.9,card,baseline,FILLED,2026-06-02,STOP touched,,2026-06-02 11:00:00,7599.5,36.9,1.0,Unit 1,7562.6,2026-06-03 19:15:00,stopped out,-1.0,-1.0
2026-06-01_Trade_1,2026-06-01,Trade 1 - Daily Directional (breakout stop),Trade 1,LONG,STOP,7599.5,7562.6,7636.5,7673.5,7715.5,36.9,card,baseline,FILLED,2026-06-02,STOP touched,,2026-06-02 11:00:00,7599.5,36.9,1.0,Unit 2,7562.6,2026-06-03 19:15:00,stopped out,-1.0,-1.0
2026-06-01_Trade_1,2026-06-01,Trade 1 - Daily Directional (breakout stop),Trade 1,LONG,STOP,7599.5,7562.6,7636.5,7673.5,7715.5,36.9,card,baseline,FILLED,2026-06-02,STOP touched,,2026-06-02 11:00:00,7599.5,36.9,1.0,Unit 3,7621.3,2026-06-02 23:45:00,card runner time-stop at entry-session close,0.591,0.591
2026-06-01_Trade_2,2026-06-01,Trade 2 - Pivot (buy limit daily P),Trade 2,LONG,LIMIT,7581.0,7545.2,7617.0,7653.0,7670.0,35.8,card,baseline,FILLED,2026-06-02,LIMIT touched,,2026-06-02 16:00:00,7581.0,35.8,1.0,Unit 1,7617.0,2026-06-02 17:45:00,TP1 reached,1.006,1.006
2026-06-01_Trade_2,2026-06-01,Trade 2 - Pivot (buy limit daily P),Trade 2,LONG,LIMIT,7581.0,7545.2,7617.0,7653.0,7670.0,35.8,card,baseline,FILLED,2026-06-02,LIMIT touched,,2026-06-02 16:00:00,7581.0,35.8,1.0,Unit 2,7581.0,2026-06-03 16:45:00,BE trail hit (BE_ON_TP1),0.0,0.0
2026-06-01_Trade_2,2026-06-01,Trade 2 - Pivot (buy limit daily P),Trade 2,LONG,LIMIT,7581.0,7545.2,7617.0,7653.0,7670.0,35.8,card,baseline,FILLED,2026-06-02,LIMIT touched,,2026-06-02 16:00:00,7581.0,35.8,1.0,Unit 3,7621.3,2026-06-02 23:45:00,card runner time-stop at entry-session close,1.126,1.126
2026-06-01_Trade_3A,2026-06-01,Trade 3A - Momentum-Pullback (38.2% fib),Trade 3A,LONG,LIMIT,7538.0,7520.0,7580.0,7599.0,7690.0,18.0,card,baseline,NO FILL,2026-06-02,,LIMIT 7538.0 not reached from 09:00 to 23:00 on 2026-06-02 (range 7580.6-7624.6),,,,,All,,,,0.0,0.0
2026-06-02_Trade_1,2026-06-02,Trade 1 - Daily Directional,Trade 1,LONG,MARKET,7599.96,7551.51,7648.41,7696.87,7737.87,48.45,card,baseline,FILLED,2026-06-03,MARKET at 09:00 open,,2026-06-03 09:00:00,7612.2,60.69,1.253,Unit 1,7551.51,2026-06-03 23:15:00,stopped out,-1.0,-1.0
2026-06-02_Trade_1,2026-06-02,Trade 1 - Daily Directional,Trade 1,LONG,MARKET,7599.96,7551.51,7648.41,7696.87,7737.87,48.45,card,baseline,FILLED,2026-06-03,MARKET at 09:00 open,,2026-06-03 09:00:00,7612.2,60.69,1.253,Unit 2,7551.51,2026-06-03 23:15:00,stopped out,-1.0,-1.0
2026-06-02_Trade_1,2026-06-02,Trade 1 - Daily Directional,Trade 1,LONG,MARKET,7599.96,7551.51,7648.41,7696.87,7737.87,48.45,card,baseline,FILLED,2026-06-03,MARKET at 09:00 open,,2026-06-03 09:00:00,7612.2,60.69,1.253,Unit 3,7551.51,2026-06-03 23:15:00,stopped out,-1.0,-1.0
2026-06-02_Trade_2,2026-06-02,Trade 2 - Pivot (buy limit daily P),Trade 2,LONG,LIMIT,7580.81,7550.76,7610.86,7640.92,7598.63,30.05,card,baseline,FILLED,2026-06-03,LIMIT touched,,2026-06-03 16:45:00,7580.81,30.05,1.0,Unit 1,7550.76,2026-06-03 23:15:00,stopped out,-1.0,-1.0
2026-06-02_Trade_2,2026-06-02,Trade 2 - Pivot (buy limit daily P),Trade 2,LONG,LIMIT,7580.81,7550.76,7610.86,7640.92,7598.63,30.05,card,baseline,FILLED,2026-06-03,LIMIT touched,,2026-06-03 16:45:00,7580.81,30.05,1.0,Unit 2,7550.76,2026-06-03 23:15:00,stopped out,-1.0,-1.0
2026-06-02_Trade_2,2026-06-02,Trade 2 - Pivot (buy limit daily P),Trade 2,LONG,LIMIT,7580.81,7550.76,7610.86,7640.92,7598.63,30.05,card,baseline,FILLED,2026-06-03,LIMIT touched,,2026-06-03 16:45:00,7580.81,30.05,1.0,Unit 3,7550.76,2026-06-03 23:15:00,stopped out,-1.0,-1.0
2026-06-02_Trade_3A,2026-06-02,Trade 3A - Momentum-Pullback (38.2% fib),Trade 3A,LONG,LIMIT,7552.5,7525.28,7603.44,7639.71,7700.0,27.22,card,baseline,NO FILL,2026-06-03,,LIMIT 7552.5 not reached from 09:00 to 23:00 on 2026-06-03 (range 7556.0-7617.0),,,,,All,,,,0.0,0.0
2026-06-03_Trade_1,2026-06-03,Trade 1 - Daily Directional,Trade 1,LONG,MARKET,7585.5,7499.14,7671.86,7758.22,7784.79,86.36,card,baseline,FILLED,2026-06-04,MARKET at 09:00 open,,2026-06-04 09:00:00,7536.7,37.56,0.435,Unit 1,7499.14,2026-06-05 17:00:00,stopped out,-1.0,-1.0
2026-06-03_Trade_1,2026-06-03,Trade 1 - Daily Directional,Trade 1,LONG,MARKET,7585.5,7499.14,7671.86,7758.22,7784.79,86.36,card,baseline,FILLED,2026-06-04,MARKET at 09:00 open,,2026-06-04 09:00:00,7536.7,37.56,0.435,Unit 2,7499.14,2026-06-05 17:00:00,stopped out,-1.0,-1.0
2026-06-03_Trade_1,2026-06-03,Trade 1 - Daily Directional,Trade 1,LONG,MARKET,7585.5,7499.14,7671.86,7758.22,7784.79,86.36,card,baseline,FILLED,2026-06-04,MARKET at 09:00 open,,2026-06-04 09:00:00,7536.7,37.56,0.435,Unit 3,7582.1,2026-06-04 23:45:00,card runner time-stop at entry-session close,1.209,-0.039
2026-06-03_Trade_2,2026-06-03,Trade 2 - Pivot (buy limit daily P),Trade 2,LONG,LIMIT,7601.28,7557.81,7619.58,7639.19,7657.49,43.47,card,baseline,SKIPPED_MALFORMED,2026-06-04,LIMIT already marketable at 09:00 - filled at open,,2026-06-04 09:00:00,7536.7,21.11,0.486,All,,,MALFORMED - stop on wrong side of fill; not taken,0.0,0.0
2026-06-03_Trade_3A,2026-06-03,Trade 3A - Momentum-Pullback (38.2% fib),Trade 3A,LONG,LIMIT,7573.68,7484.0,7620.9,7744.51,7850.0,89.68,card,baseline,FILLED,2026-06-04,LIMIT already marketable at 09:00 - filled at open,,2026-06-04 09:00:00,7536.7,52.7,0.588,Unit 1,7484.0,2026-06-05 18:30:00,stopped out,-1.0,-1.0
2026-06-03_Trade_3A,2026-06-03,Trade 3A - Momentum-Pullback (38.2% fib),Trade 3A,LONG,LIMIT,7573.68,7484.0,7620.9,7744.51,7850.0,89.68,card,baseline,FILLED,2026-06-04,LIMIT already marketable at 09:00 - filled at open,,2026-06-04 09:00:00,7536.7,52.7,0.588,Unit 2,7484.0,2026-06-05 18:30:00,stopped out,-1.0,-1.0
2026-06-03_Trade_3A,2026-06-03,Trade 3A - Momentum-Pullback (38.2% fib),Trade 3A,LONG,LIMIT,7573.68,7484.0,7620.9,7744.51,7850.0,89.68,card,baseline,FILLED,2026-06-04,LIMIT already marketable at 09:00 - filled at open,,2026-06-04 09:00:00,7536.7,52.7,0.588,Unit 3,7484.0,2026-06-05 18:30:00,stopped out,-1.0,-1.0
2026-06-04_Trade_1,2026-06-04,Trade 1 - Daily Directional,Trade 1,LONG,MARKET,7609.78,7573.71,7645.85,7681.92,7783.78,36.07,card,baseline,SKIPPED_MALFORMED,2026-06-05,MARKET at 09:00 open,,2026-06-05 09:00:00,7550.5,23.21,0.643,All,,,MALFORMED - stop on wrong side of fill; not taken,0.0,0.0
2026-06-04_Trade_2,2026-06-04,Trade 2 - Pivot (TREND_UP breakout),Trade 2,LONG,STOP,7606.72,7591.48,7626.12,7634.3,7642.47,15.24,card,baseline,NO FILL,2026-06-05,,STOP 7606.72 not reached from 09:00 to 23:00 on 2026-06-05 (range 7357.0-7571.5),,,,,All,,,,0.0,0.0
2026-06-04_Trade_3A,2026-06-04,Trade 3A - Momentum-Pullback (57.5% fib),Trade 3A,LONG,LIMIT,7554.26,7490.5,7576.63,7620.9,7736.8,63.76,card,baseline,FILLED,2026-06-05,LIMIT already marketable at 09:00 - filled at open,,2026-06-05 09:00:00,7550.5,60.0,0.941,Unit 1,7490.5,2026-06-05 18:30:00,stopped out,-1.0,-1.0
2026-06-04_Trade_3A,2026-06-04,Trade 3A - Momentum-Pullback (57.5% fib),Trade 3A,LONG,LIMIT,7554.26,7490.5,7576.63,7620.9,7736.8,63.76,card,baseline,FILLED,2026-06-05,LIMIT already marketable at 09:00 - filled at open,,2026-06-05 09:00:00,7550.5,60.0,0.941,Unit 2,7490.5,2026-06-05 18:30:00,stopped out,-1.0,-1.0
2026-06-04_Trade_3A,2026-06-04,Trade 3A - Momentum-Pullback (57.5% fib),Trade 3A,LONG,LIMIT,7554.26,7490.5,7576.63,7620.9,7736.8,63.76,card,baseline,FILLED,2026-06-05,LIMIT already marketable at 09:00 - filled at open,,2026-06-05 09:00:00,7550.5,60.0,0.941,Unit 3,7490.5,2026-06-05 18:30:00,stopped out,-1.0,-1.0
2026-06-05_Trade_1,2026-06-05,Trade 1 - Daily Directional,Trade 1,n/a,MARKET,,,,,,,card,baseline,SUPPRESSED,,,,,,,,All,,,,0.0,0.0
2026-06-05_Trade_2,2026-06-05,Trade 2 - Pivot (buy limit daily P),Trade 2,LONG,LIMIT,7570.0,7512.0,7589.0,7624.0,7650.0,58.0,card,baseline,SKIPPED_MALFORMED,2026-06-08,LIMIT already marketable at 09:00 - filled at open,,2026-06-08 09:00:00,7386.5,125.5,2.164,All,,,MALFORMED - stop on wrong side of fill; not taken,0.0,0.0
2026-06-05_Trade_3A,2026-06-05,Trade 3A - Momentum-Pullback (breakout stop),Trade 3A,LONG,STOP,7593.0,7548.0,7621.0,7643.0,7697.0,45.0,card,baseline,NO FILL,2026-06-08,,STOP 7593.0 not reached from 09:00 to 23:00 on 2026-06-08 (range 7384.8-7471.3),,,,,All,,,,0.0,0.0
2026-06-08_Trade_1,2026-06-08,Trade 1 - Daily Directional,Trade 1,SHORT,MARKET,7384.0,7475.0,7293.0,7202.0,7105.0,91.0,card,baseline,SKIPPED_MICRO_R,2026-06-09,MARKET at 16:30 open,,2026-06-09 16:30:00,7454.4,20.6,0.226,All,,,MICRO-R - realised risk 20.6 < 0.25 x card R 91.0; not taken,0.0,0.0
2026-06-08_Trade_3A,2026-06-08,Trade 3A - Momentum-Pullback (sell limit weekly S2),Trade 3A,SHORT,LIMIT,7460.0,7565.0,7384.0,7343.0,7105.0,105.0,card,baseline,FILLED,2026-06-09,LIMIT touched,,2026-06-09 16:30:00,7460.0,105.0,1.0,Unit 1,7384.0,2026-06-09 17:45:00,TP1 reached,0.724,0.724
2026-06-08_Trade_3A,2026-06-08,Trade 3A - Momentum-Pullback (sell limit weekly S2),Trade 3A,SHORT,LIMIT,7460.0,7565.0,7384.0,7343.0,7105.0,105.0,card,baseline,FILLED,2026-06-09,LIMIT touched,,2026-06-09 16:30:00,7460.0,105.0,1.0,Unit 2,7343.0,2026-06-09 18:15:00,TP2 reached,1.114,1.114
2026-06-08_Trade_3A,2026-06-08,Trade 3A - Momentum-Pullback (sell limit weekly S2),Trade 3A,SHORT,LIMIT,7460.0,7565.0,7384.0,7343.0,7105.0,105.0,card,baseline,FILLED,2026-06-09,LIMIT touched,,2026-06-09 16:30:00,7460.0,105.0,1.0,Unit 3,7460.0,2026-06-15 01:00:00,BE trail hit (BE_ON_TP1),-0.0,-0.0
2026-06-09_Trade_1,2026-06-09,Trade 1 - Daily Directional,Trade 1,SHORT,MARKET,7384.0,7484.0,7284.0,7184.0,7100.0,100.0,card,baseline,FILLED,2026-06-10,MARKET at 16:30 open,,2026-06-10 16:30:00,7351.1,132.9,1.329,Unit 1,7284.0,2026-06-10 22:15:00,TP1 reached,0.505,1.0
2026-06-09_Trade_1,2026-06-09,Trade 1 - Daily Directional,Trade 1,SHORT,MARKET,7384.0,7484.0,7284.0,7184.0,7100.0,100.0,card,baseline,FILLED,2026-06-10,MARKET at 16:30 open,,2026-06-10 16:30:00,7351.1,132.9,1.329,Unit 2,7351.1,2026-06-11 20:30:00,BE trail hit (BE_ON_TP1),-0.0,0.329
2026-06-09_Trade_1,2026-06-09,Trade 1 - Daily Directional,Trade 1,SHORT,MARKET,7384.0,7484.0,7284.0,7184.0,7100.0,100.0,card,baseline,FILLED,2026-06-10,MARKET at 16:30 open,,2026-06-10 16:30:00,7351.1,132.9,1.329,Unit 3,7261.5,2026-06-10 23:45:00,card runner time-stop at entry-session close,0.674,1.225
2026-06-09_Trade_3A,2026-06-09,Trade 3A - Momentum-Pullback (sell limit daily P),Trade 3A,SHORT,LIMIT,7449.58,7521.0,7380.0,7300.0,7245.0,71.0,card,baseline,NO FILL,2026-06-10,,LIMIT 7449.58 not reached from 09:00 to 23:00 on 2026-06-10 (range 7257.5-7400.7),,,,,All,,,,0.0,0.0
2026-06-10_Trade_1,2026-06-10,Trade 1 - Daily Directional (sell stop),Trade 1,SHORT,STOP,7330.0,7476.0,7257.0,7184.0,7038.0,146.0,card,baseline,FILLED,2026-06-11,STOP already marketable at 09:00 - filled at open,,2026-06-11 09:00:00,7305.3,170.7,1.169,Unit 1,7476.0,2026-06-15 01:00:00,stopped out,-1.0,-1.0
2026-06-10_Trade_1,2026-06-10,Trade 1 - Daily Directional (sell stop),Trade 1,SHORT,STOP,7330.0,7476.0,7257.0,7184.0,7038.0,146.0,card,baseline,FILLED,2026-06-11,STOP already marketable at 09:00 - filled at open,,2026-06-11 09:00:00,7305.3,170.7,1.169,Unit 2,7476.0,2026-06-15 01:00:00,stopped out,-1.0,-1.0
2026-06-10_Trade_1,2026-06-10,Trade 1 - Daily Directional (sell stop),Trade 1,SHORT,STOP,7330.0,7476.0,7257.0,7184.0,7038.0,146.0,card,baseline,FILLED,2026-06-11,STOP already marketable at 09:00 - filled at open,,2026-06-11 09:00:00,7305.3,170.7,1.169,Unit 3,7394.6,2026-06-11 23:45:00,card runner time-stop at entry-session close,-0.523,-0.442
2026-06-10_Trade_2,2026-06-10,Trade 2 - Pivot (sell limit weekly P),Trade 2,SHORT,LIMIT,7460.0,7518.0,7402.0,7344.0,7330.0,58.0,card,baseline,NO FILL,2026-06-11,,LIMIT 7460.0 not reached from 09:00 to 23:00 on 2026-06-11 (range 7260.0-7416.6),,,,,All,,,,0.0,0.0
2026-06-10_Trade_3C,2026-06-10,Trade 3C - Momentum-Breakout (sell stop),Trade 3C,SHORT,STOP,7322.0,7396.0,7248.0,7214.0,7105.0,74.0,card,baseline,FILLED,2026-06-11,STOP already marketable at 09:00 - filled at open,,2026-06-11 09:00:00,7305.3,90.7,1.226,Unit 1,7396.0,2026-06-11 22:15:00,stopped out,-1.0,-1.0
2026-06-10_Trade_3C,2026-06-10,Trade 3C - Momentum-Breakout (sell stop),Trade 3C,SHORT,STOP,7322.0,7396.0,7248.0,7214.0,7105.0,74.0,card,baseline,FILLED,2026-06-11,STOP already marketable at 09:00 - filled at open,,2026-06-11 09:00:00,7305.3,90.7,1.226,Unit 2,7396.0,2026-06-11 22:15:00,stopped out,-1.0,-1.0
2026-06-10_Trade_3C,2026-06-10,Trade 3C - Momentum-Breakout (sell stop),Trade 3C,SHORT,STOP,7322.0,7396.0,7248.0,7214.0,7105.0,74.0,card,baseline,FILLED,2026-06-11,STOP already marketable at 09:00 - filled at open,,2026-06-11 09:00:00,7305.3,90.7,1.226,Unit 3,7396.0,2026-06-11 22:15:00,stopped out,-1.0,-1.0
2026-06-11_Trade_1,2026-06-11,Trade 1 - Daily Directional,Trade 1,SHORT,MARKET,7267.45,7552.45,6981.5,6696.1,6900.0,285.0,card,baseline,FILLED,2026-06-12,MARKET at 09:00 open,,2026-06-12 09:00:00,7390.4,162.05,0.569,Unit 1,7552.45,2026-06-15 16:45:00,stopped out,-1.0,-1.0
2026-06-11_Trade_1,2026-06-11,Trade 1 - Daily Directional,Trade 1,SHORT,MARKET,7267.45,7552.45,6981.5,6696.1,6900.0,285.0,card,baseline,FILLED,2026-06-12,MARKET at 09:00 open,,2026-06-12 09:00:00,7390.4,162.05,0.569,Unit 2,7552.45,2026-06-15 16:45:00,stopped out,-1.0,-1.0
2026-06-11_Trade_1,2026-06-11,Trade 1 - Daily Directional,Trade 1,SHORT,MARKET,7267.45,7552.45,6981.5,6696.1,6900.0,285.0,card,baseline,FILLED,2026-06-12,MARKET at 09:00 open,,2026-06-12 09:00:00,7390.4,162.05,0.569,Unit 3,7433.9,2026-06-12 23:45:00,card runner time-stop at entry-session close,-0.268,-0.584
2026-06-11_Trade_3A,2026-06-11,Trade 3A - Momentum-Pullback (57.5% rally-sell),Trade 3A,SHORT,LIMIT,7463.0,7641.0,7392.0,7250.0,7000.0,178.0,card,baseline,NO FILL,2026-06-12,,LIMIT 7463.0 not reached from 09:00 to 23:00 on 2026-06-12 (range 7363.9-7458.7),,,,,All,,,,0.0,0.0
2026-06-15_Trade_1,2026-06-15,Trade 1 - Daily Directional,Trade 1,LONG,MARKET,7431.51,7338.91,7524.0,7616.6,7709.1,92.6,card,baseline,FILLED,2026-06-16,MARKET at 09:00 open,,2026-06-16 09:00:00,7553.1,214.19,2.313,Unit 1,7524.0,2026-06-16 09:00:00,TP1 reached,-0.136,0.999
2026-06-15_Trade_1,2026-06-15,Trade 1 - Daily Directional,Trade 1,LONG,MARKET,7431.51,7338.91,7524.0,7616.6,7709.1,92.6,card,baseline,FILLED,2026-06-16,MARKET at 09:00 open,,2026-06-16 09:00:00,7553.1,214.19,2.313,Unit 2,7553.1,2026-06-16 09:00:00,BE trail hit (BE_ON_TP1),0.0,1.313
2026-06-15_Trade_1,2026-06-15,Trade 1 - Daily Directional,Trade 1,LONG,MARKET,7431.51,7338.91,7524.0,7616.6,7709.1,92.6,card,baseline,FILLED,2026-06-16,MARKET at 09:00 open,,2026-06-16 09:00:00,7553.1,214.19,2.313,Unit 3,7553.1,2026-06-16 09:00:00,BE trail hit (BE_ON_TP1),0.0,1.313
2026-06-15_Trade_2,2026-06-15,Trade 2 - Pivot (buy stop daily R1),Trade 2,LONG,STOP,7470.9,7416.86,7524.9,7578.98,7620.0,54.04,card,baseline,FILLED,2026-06-16,STOP already marketable at 09:00 - filled at open,,2026-06-16 09:00:00,7553.1,136.24,2.521,Unit 1,7524.9,2026-06-16 09:00:00,TP1 reached,-0.207,0.999
2026-06-15_Trade_2,2026-06-15,Trade 2 - Pivot (buy stop daily R1),Trade 2,LONG,STOP,7470.9,7416.86,7524.9,7578.98,7620.0,54.04,card,baseline,FILLED,2026-06-16,STOP already marketable at 09:00 - filled at open,,2026-06-16 09:00:00,7553.1,136.24,2.521,Unit 2,7553.1,2026-06-16 09:00:00,BE trail hit (BE_ON_TP1),0.0,1.521
2026-06-15_Trade_2,2026-06-15,Trade 2 - Pivot (buy stop daily R1),Trade 2,LONG,STOP,7470.9,7416.86,7524.9,7578.98,7620.0,54.04,card,baseline,FILLED,2026-06-16,STOP already marketable at 09:00 - filled at open,,2026-06-16 09:00:00,7553.1,136.24,2.521,Unit 3,7553.1,2026-06-16 09:00:00,BE trail hit (BE_ON_TP1),0.0,1.521
2026-06-15_Trade_3C,2026-06-15,Trade 3C - Breakout (buy stop 5-day swing high),Trade 3C,LONG,STOP,7483.15,7416.96,7549.3,7615.5,7866.2,66.19,card,baseline,FILLED,2026-06-16,STOP already marketable at 09:00 - filled at open,,2026-06-16 09:00:00,7553.1,136.14,2.057,Unit 1,7549.3,2026-06-16 09:00:00,TP1 reached,-0.028,0.999
2026-06-15_Trade_3C,2026-06-15,Trade 3C - Breakout (buy stop 5-day swing high),Trade 3C,LONG,STOP,7483.15,7416.96,7549.3,7615.5,7866.2,66.19,card,baseline,FILLED,2026-06-16,STOP already marketable at 09:00 - filled at open,,2026-06-16 09:00:00,7553.1,136.14,2.057,Unit 2,7553.1,2026-06-16 09:00:00,BE trail hit (BE_ON_TP1),0.0,1.057
2026-06-15_Trade_3C,2026-06-15,Trade 3C - Breakout (buy stop 5-day swing high),Trade 3C,LONG,STOP,7483.15,7416.96,7549.3,7615.5,7866.2,66.19,card,baseline,FILLED,2026-06-16,STOP already marketable at 09:00 - filled at open,,2026-06-16 09:00:00,7553.1,136.14,2.057,Unit 3,7553.1,2026-06-16 09:00:00,BE trail hit (BE_ON_TP1),0.0,1.057
2026-06-16_Trade_1,2026-06-16,Trade 1 - Daily Directional,Trade 1,LONG,MARKET,7431.24,7389.24,7473.68,7515.9,7558.12,42.0,card,baseline,FILLED,2026-06-17,MARKET at 09:00 open,,2026-06-17 09:00:00,7539.8,150.56,3.585,Unit 1,7473.68,2026-06-17 09:00:00,TP1 reached,-0.439,1.01
2026-06-16_Trade_1,2026-06-16,Trade 1 - Daily Directional,Trade 1,LONG,MARKET,7431.24,7389.24,7473.68,7515.9,7558.12,42.0,card,baseline,FILLED,2026-06-17,MARKET at 09:00 open,,2026-06-17 09:00:00,7539.8,150.56,3.585,Unit 2,7515.9,2026-06-17 09:00:00,TP2 reached,-0.159,2.016
2026-06-16_Trade_1,2026-06-16,Trade 1 - Daily Directional,Trade 1,LONG,MARKET,7431.24,7389.24,7473.68,7515.9,7558.12,42.0,card,baseline,FILLED,2026-06-17,MARKET at 09:00 open,,2026-06-17 09:00:00,7539.8,150.56,3.585,Unit 3,7539.8,2026-06-17 09:00:00,BE trail hit (BE_ON_TP1),0.0,2.585
2026-06-16_Trade_2,2026-06-16,Trade 2 - Pivot (buy limit daily S1),Trade 2,LONG,LIMIT,7398.71,7353.41,7443.7,7488.7,7509.11,45.3,card,baseline,NO FILL,2026-06-17,,LIMIT 7398.71 not reached from 09:00 to 23:00 on 2026-06-17 (range 7408.5-7548.3),,,,,All,,,,0.0,0.0
2026-06-16_Trade_3A,2026-06-16,Trade 3A - Momentum-Pullback (pivot confluence),Trade 3A,LONG,LIMIT,7400.0,7330.0,7470.0,7506.0,7577.0,70.0,card,baseline,NO FILL,2026-06-17,,LIMIT 7400.0 not reached from 09:00 to 23:00 on 2026-06-17 (range 7408.5-7548.3),,,,,All,,,,0.0,0.0
2026-06-17_Trade_1,2026-06-17,Trade 1 - Daily Directional,Trade 1,LONG,LIMIT,7558.0,7475.0,7641.0,7724.0,7800.0,83.0,card,baseline,SKIPPED_MICRO_R,2026-06-18,LIMIT already marketable at 09:00 - filled at open,,2026-06-18 09:00:00,7483.0,8.0,0.096,All,,,MICRO-R - realised risk 8.0 < 0.25 x card R 83.0; not taken,0.0,0.0
2026-06-17_Trade_2,2026-06-17,Trade 2 - Pivot (buy limit daily S1),Trade 2,LONG,LIMIT,7527.0,7470.0,7584.0,7610.0,7632.0,57.0,card,baseline,SKIPPED_MICRO_R,2026-06-18,LIMIT already marketable at 09:00 - filled at open,,2026-06-18 09:00:00,7483.0,13.0,0.228,All,,,MICRO-R - realised risk 13.0 < 0.25 x card R 57.0; not taken,0.0,0.0
2026-06-17_Trade_3A,2026-06-17,Trade 3A - Momentum-Pullback (breakout stop),Trade 3A,LONG,STOP,7590.0,7527.0,7653.0,7716.0,7800.0,63.0,card,baseline,NO FILL,2026-06-18,,STOP 7590.0 not reached from 09:00 to 23:00 on 2026-06-18 (range 7468.1-7518.3),,,,,All,,,,0.0,0.0
2026-06-18_Trade_1,2026-06-18,Trade 1 - Daily Directional,Trade 1,SHORT,MARKET,7420.0,7501.0,7340.0,7259.0,7180.0,81.0,card,baseline,FILLED,2026-06-19,MARKET at 09:00 open,,2026-06-19 09:00:00,7468.9,32.1,0.396,Unit 1,7501.0,2026-06-19 17:30:00,stopped out,-1.0,-1.0
2026-06-18_Trade_1,2026-06-18,Trade 1 - Daily Directional,Trade 1,SHORT,MARKET,7420.0,7501.0,7340.0,7259.0,7180.0,81.0,card,baseline,FILLED,2026-06-19,MARKET at 09:00 open,,2026-06-19 09:00:00,7468.9,32.1,0.396,Unit 2,7501.0,2026-06-19 17:30:00,stopped out,-1.0,-1.0
2026-06-18_Trade_1,2026-06-18,Trade 1 - Daily Directional,Trade 1,SHORT,MARKET,7420.0,7501.0,7340.0,7259.0,7180.0,81.0,card,baseline,FILLED,2026-06-19,MARKET at 09:00 open,,2026-06-19 09:00:00,7468.9,32.1,0.396,Unit 3,7501.0,2026-06-19 17:30:00,stopped out,-1.0,-1.0
2026-06-18_Trade_2,2026-06-18,Trade 2 - Pivot (sell limit monthly S1 / daily P),Trade 2,SHORT,LIMIT,7450.0,7506.0,7394.0,7338.0,7322.0,56.0,card,baseline,FILLED,2026-06-19,LIMIT already marketable at 09:00 - filled at open,,2026-06-19 09:00:00,7468.9,37.1,0.663,Unit 1,7506.0,2026-06-19 18:00:00,stopped out,-1.0,-1.0
2026-06-18_Trade_2,2026-06-18,Trade 2 - Pivot (sell limit monthly S1 / daily P),Trade 2,SHORT,LIMIT,7450.0,7506.0,7394.0,7338.0,7322.0,56.0,card,baseline,FILLED,2026-06-19,LIMIT already marketable at 09:00 - filled at open,,2026-06-19 09:00:00,7468.9,37.1,0.663,Unit 2,7506.0,2026-06-19 18:00:00,stopped out,-1.0,-1.0
2026-06-18_Trade_2,2026-06-18,Trade 2 - Pivot (sell limit monthly S1 / daily P),Trade 2,SHORT,LIMIT,7450.0,7506.0,7394.0,7338.0,7322.0,56.0,card,baseline,FILLED,2026-06-19,LIMIT already marketable at 09:00 - filled at open,,2026-06-19 09:00:00,7468.9,37.1,0.663,Unit 3,7506.0,2026-06-19 18:00:00,stopped out,-1.0,-1.0
2026-06-18_Trade_3C,2026-06-18,Trade 3C - Momentum-Breakout (sell stop),Trade 3C,SHORT,STOP,7369.0,7427.0,7322.0,7275.0,7182.0,58.0,card,baseline,NO FILL,2026-06-19,,STOP 7369.0 not reached from 09:00 to 23:00 on 2026-06-19 (range 7467.7-7506.0),,,,,All,,,,0.0,0.0
2026-06-19_Trade_1,2026-06-19,Trade 1 - Daily Directional,Trade 1,LONG,MARKET,7500.58,7465.0,7536.0,7571.0,7603.0,35.58,card,baseline,FILLED,2026-06-22,MARKET at 09:00 open,,2026-06-22 09:00:00,7486.5,21.5,0.604,Unit 1,7536.0,2026-06-22 16:30:00,TP1 reached,2.302,0.996
2026-06-19_Trade_1,2026-06-19,Trade 1 - Daily Directional,Trade 1,LONG,MARKET,7500.58,7465.0,7536.0,7571.0,7603.0,35.58,card,baseline,FILLED,2026-06-22,MARKET at 09:00 open,,2026-06-22 09:00:00,7486.5,21.5,0.604,Unit 2,7486.5,2026-06-22 17:30:00,BE trail hit (BE_ON_TP1),0.0,-0.396
2026-06-19_Trade_1,2026-06-19,Trade 1 - Daily Directional,Trade 1,LONG,MARKET,7500.58,7465.0,7536.0,7571.0,7603.0,35.58,card,baseline,FILLED,2026-06-22,MARKET at 09:00 open,,2026-06-22 09:00:00,7486.5,21.5,0.604,Unit 3,7486.5,2026-06-22 17:30:00,BE trail hit (BE_ON_TP1),0.0,-0.396
2026-06-19_Trade_2,2026-06-19,Trade 2 - Pivot (buy limit daily S1),Trade 2,LONG,LIMIT,7475.58,7450.57,7500.6,7525.6,7561.0,25.01,card,baseline,FILLED,2026-06-22,LIMIT touched,,2026-06-22 17:45:00,7475.58,25.01,1.0,Unit 1,7450.57,2026-06-23 06:00:00,stopped out,-1.0,-1.0
2026-06-19_Trade_2,2026-06-19,Trade 2 - Pivot (buy limit daily S1),Trade 2,LONG,LIMIT,7475.58,7450.57,7500.6,7525.6,7561.0,25.01,card,baseline,FILLED,2026-06-22,LIMIT touched,,2026-06-22 17:45:00,7475.58,25.01,1.0,Unit 2,7450.57,2026-06-23 06:00:00,stopped out,-1.0,-1.0
2026-06-19_Trade_2,2026-06-19,Trade 2 - Pivot (buy limit daily S1),Trade 2,LONG,LIMIT,7475.58,7450.57,7500.6,7525.6,7561.0,25.01,card,baseline,FILLED,2026-06-22,LIMIT touched,,2026-06-22 17:45:00,7475.58,25.01,1.0,Unit 3,7450.57,2026-06-23 06:00:00,stopped out,-1.0,-1.0
2026-06-19_Trade_3A,2026-06-19,Trade 3A - Momentum-Pullback (breakout stop),Trade 3A,LONG,STOP,7512.0,7478.0,7546.0,7580.0,7620.0,34.0,card,baseline,FILLED,2026-06-22,STOP touched,,2026-06-22 14:00:00,7512.0,34.0,1.0,Unit 1,7478.0,2026-06-22 17:45:00,stopped out,-1.0,-1.0
2026-06-19_Trade_3A,2026-06-19,Trade 3A - Momentum-Pullback (breakout stop),Trade 3A,LONG,STOP,7512.0,7478.0,7546.0,7580.0,7620.0,34.0,card,baseline,FILLED,2026-06-22,STOP touched,,2026-06-22 14:00:00,7512.0,34.0,1.0,Unit 2,7478.0,2026-06-22 17:45:00,stopped out,-1.0,-1.0
2026-06-19_Trade_3A,2026-06-19,Trade 3A - Momentum-Pullback (breakout stop),Trade 3A,LONG,STOP,7512.0,7478.0,7546.0,7580.0,7620.0,34.0,card,baseline,FILLED,2026-06-22,STOP touched,,2026-06-22 14:00:00,7512.0,34.0,1.0,Unit 3,7478.0,2026-06-22 17:45:00,stopped out,-1.0,-1.0
2026-06-23_Trade_1,2026-06-23,Trade 1 - Daily Directional,Trade 1,SHORT,,,,,,,,card,baseline,SUPPRESSED,,,,,,,,All,,,,0.0,0.0
2026-06-23_Trade_2,2026-06-23,"Trade 2 - Pivot (regime-aware), RANGE protocol",Trade 2,SHORT,LIMIT,7496.0,7535.0,7457.0,7418.0,7482.0,39.0,card,baseline,NO FILL,2026-06-24,,LIMIT 7496.0 not reached from 16:30 to 23:00 on 2026-06-24 (range 7346.0-7438.0),,,,,All,,,,0.0,0.0
2026-06-23_Trade_3B,2026-06-23,Trade 3B - Mean-Reversion (Transitional/Range regime fork),Trade 3B,LONG,LIMIT,7445.0,7409.0,7481.0,7496.0,7520.0,36.0,card,baseline,SKIPPED_MALFORMED,2026-06-24,LIMIT already marketable at 16:30 - filled at open,,2026-06-24 16:30:00,7389.0,20.0,0.556,All,,,MALFORMED - stop on wrong side of fill; not taken,0.0,0.0
2026-06-24_Trade_1,2026-06-24,Trade 1 - Daily Directional,Trade 1,SHORT,MARKET,7365.17,7470.17,7260.75,7156.04,7077.46,105.0,card,baseline,FILLED,2026-06-25,MARKET at 16:30 open,,2026-06-25 16:30:00,7427.9,42.27,0.403,Unit 1,7470.17,2026-06-30 16:45:00,stopped out,-1.0,-1.0
2026-06-24_Trade_1,2026-06-24,Trade 1 - Daily Directional,Trade 1,SHORT,MARKET,7365.17,7470.17,7260.75,7156.04,7077.46,105.0,card,baseline,FILLED,2026-06-25,MARKET at 16:30 open,,2026-06-25 16:30:00,7427.9,42.27,0.403,Unit 2,7470.17,2026-06-30 16:45:00,stopped out,-1.0,-1.0
2026-06-24_Trade_1,2026-06-24,Trade 1 - Daily Directional,Trade 1,SHORT,MARKET,7365.17,7470.17,7260.75,7156.04,7077.46,105.0,card,baseline,FILLED,2026-06-25,MARKET at 16:30 open,,2026-06-25 16:30:00,7427.9,42.27,0.403,Unit 3,7377.2,2026-06-25 23:45:00,card runner time-stop at entry-session close,1.199,-0.115
2026-06-24_Trade_2,2026-06-24,Trade 2 - Pivot (sell limit daily P shelf),Trade 2,SHORT,LIMIT,7404.0,7489.0,7320.0,7235.0,7188.0,85.0,card,baseline,FILLED,2026-06-25,LIMIT already marketable at 09:00 - filled at open,,2026-06-25 09:00:00,7414.1,74.9,0.881,Unit 1,7320.0,2026-06-26 05:45:00,TP1 reached,1.256,0.988
2026-06-24_Trade_2,2026-06-24,Trade 2 - Pivot (sell limit daily P shelf),Trade 2,SHORT,LIMIT,7404.0,7489.0,7320.0,7235.0,7188.0,85.0,card,baseline,FILLED,2026-06-25,LIMIT already marketable at 09:00 - filled at open,,2026-06-25 09:00:00,7414.1,74.9,0.881,Unit 2,7414.1,2026-06-29 14:00:00,BE trail hit (BE_ON_TP1),-0.0,-0.119
2026-06-24_Trade_2,2026-06-24,Trade 2 - Pivot (sell limit daily P shelf),Trade 2,SHORT,LIMIT,7404.0,7489.0,7320.0,7235.0,7188.0,85.0,card,baseline,FILLED,2026-06-25,LIMIT already marketable at 09:00 - filled at open,,2026-06-25 09:00:00,7414.1,74.9,0.881,Unit 3,7414.1,2026-06-29 14:00:00,BE trail hit (BE_ON_TP1),-0.0,-0.119
2026-06-24_Trade_3A,2026-06-24,Trade 3A - Momentum-Pullback (38.2% rally-sell),Trade 3A,SHORT,LIMIT,7453.0,7545.0,7349.0,7270.0,7188.0,92.0,card,baseline,NO FILL,2026-06-25,,LIMIT 7453.0 not reached from 09:00 to 23:00 on 2026-06-25 (range 7332.9-7438.0),,,,,All,,,,0.0,0.0
2026-06-25_Trade_1,2026-06-25,Trade 1 - Daily Directional,Trade 1,n/a,MARKET,,,,,,,card,baseline,SUPPRESSED,,,,,,,,All,,,,0.0,0.0
2026-06-25_Trade_2,2026-06-25,"Trade 2 - Pivot (range fade, sell limit daily R1)",Trade 2,SHORT,LIMIT,7403.21,7430.0,7379.51,7355.8,7334.51,27.0,card,baseline,NO FILL,2026-06-26,,LIMIT 7403.21 not reached from 09:00 to 23:00 on 2026-06-26 (range 7303.1-7402.1),,,,,All,,,,0.0,0.0
2026-06-25_Trade_3A,2026-06-25,"Trade 3A - Momentum-Pullback (sell stop, break of 23 Jun low)",Trade 3A,SHORT,STOP,7346.0,7385.0,7318.0,7309.98,7265.81,39.0,card,baseline,FILLED,2026-06-26,STOP already marketable at 09:00 - filled at open,,2026-06-26 09:00:00,7315.1,69.9,1.792,Unit 1,7318.0,2026-06-26 09:00:00,TP1 reached,-0.041,0.718
2026-06-25_Trade_3A,2026-06-25,"Trade 3A - Momentum-Pullback (sell stop, break of 23 Jun low)",Trade 3A,SHORT,STOP,7346.0,7385.0,7318.0,7309.98,7265.81,39.0,card,baseline,FILLED,2026-06-26,STOP already marketable at 09:00 - filled at open,,2026-06-26 09:00:00,7315.1,69.9,1.792,Unit 2,7315.1,2026-06-26 09:00:00,BE trail hit (BE_ON_TP1),-0.0,0.792
2026-06-25_Trade_3A,2026-06-25,"Trade 3A - Momentum-Pullback (sell stop, break of 23 Jun low)",Trade 3A,SHORT,STOP,7346.0,7385.0,7318.0,7309.98,7265.81,39.0,card,baseline,FILLED,2026-06-26,STOP already marketable at 09:00 - filled at open,,2026-06-26 09:00:00,7315.1,69.9,1.792,Unit 3,7315.1,2026-06-26 09:00:00,BE trail hit (BE_ON_TP1),-0.0,0.792
2026-06-26_Trade_1,2026-06-26,Trade 1 - Daily Directional (sell stop),Trade 1,SHORT,STOP,7336.8,7412.0,7261.6,7186.4,7111.2,75.2,card,baseline,NO FILL,2026-06-29,,STOP 7336.8 not reached from 09:00 to 23:00 on 2026-06-29 (range 7355.1-7450.6),,,,,All,,,,0.0,0.0
2026-06-26_Trade_2,2026-06-26,Trade 2 - Pivot (sell limit daily P),Trade 2,SHORT,LIMIT,7374.37,7465.61,7320.67,7283.13,7234.18,91.24,card,baseline,FILLED,2026-06-29,LIMIT already marketable at 09:00 - filled at open,,2026-06-29 09:00:00,7402.8,62.81,0.688,Unit 1,7465.61,2026-06-30 16:45:00,stopped out,-1.0,-1.0
2026-06-26_Trade_2,2026-06-26,Trade 2 - Pivot (sell limit daily P),Trade 2,SHORT,LIMIT,7374.37,7465.61,7320.67,7283.13,7234.18,91.24,card,baseline,FILLED,2026-06-29,LIMIT already marketable at 09:00 - filled at open,,2026-06-29 09:00:00,7402.8,62.81,0.688,Unit 2,7465.61,2026-06-30 16:45:00,stopped out,-1.0,-1.0
2026-06-26_Trade_2,2026-06-26,Trade 2 - Pivot (sell limit daily P),Trade 2,SHORT,LIMIT,7374.37,7465.61,7320.67,7283.13,7234.18,91.24,card,baseline,FILLED,2026-06-29,LIMIT already marketable at 09:00 - filled at open,,2026-06-29 09:00:00,7402.8,62.81,0.688,Unit 3,7465.61,2026-06-30 16:45:00,stopped out,-1.0,-1.0
2026-06-26_Trade_3A,2026-06-26,Trade 3A - Momentum-Pullback (sell limit daily R1 / 38.2%),Trade 3A,SHORT,LIMIT,7411.91,7465.61,7357.0,7318.39,7234.0,53.7,card,baseline,FILLED,2026-06-29,LIMIT touched,,2026-06-29 13:45:00,7411.91,53.7,1.0,Unit 1,7357.0,2026-06-29 17:15:00,TP1 reached,1.023,1.023
2026-06-26_Trade_3A,2026-06-26,Trade 3A - Momentum-Pullback (sell limit daily R1 / 38.2%),Trade 3A,SHORT,LIMIT,7411.91,7465.61,7357.0,7318.39,7234.0,53.7,card,baseline,FILLED,2026-06-29,LIMIT touched,,2026-06-29 13:45:00,7411.91,53.7,1.0,Unit 2,7411.91,2026-06-29 17:30:00,BE trail hit (BE_ON_TP1),-0.0,-0.0
2026-06-26_Trade_3A,2026-06-26,Trade 3A - Momentum-Pullback (sell limit daily R1 / 38.2%),Trade 3A,SHORT,LIMIT,7411.91,7465.61,7357.0,7318.39,7234.0,53.7,card,baseline,FILLED,2026-06-29,LIMIT touched,,2026-06-29 13:45:00,7411.91,53.7,1.0,Unit 3,7411.91,2026-06-29 17:30:00,BE trail hit (BE_ON_TP1),-0.0,-0.0
2026-06-29_Trade_1,2026-06-29,Trade 1 - Daily Directional,Trade 1,SHORT,MARKET,7354.0,7558.0,7150.1,6946.1,7018.6,204.0,card,baseline,FILLED,2026-06-30,MARKET at 09:00 open,,2026-06-30 09:00:00,7456.2,101.8,0.499,Unit 1,7558.0,2026-07-10 17:00:00,stopped out,-1.0,-1.0
2026-06-29_Trade_1,2026-06-29,Trade 1 - Daily Directional,Trade 1,SHORT,MARKET,7354.0,7558.0,7150.1,6946.1,7018.6,204.0,card,baseline,FILLED,2026-06-30,MARKET at 09:00 open,,2026-06-30 09:00:00,7456.2,101.8,0.499,Unit 2,7558.0,2026-07-10 17:00:00,stopped out,-1.0,-1.0
2026-06-29_Trade_1,2026-06-29,Trade 1 - Daily Directional,Trade 1,SHORT,MARKET,7354.0,7558.0,7150.1,6946.1,7018.6,204.0,card,baseline,FILLED,2026-06-30,MARKET at 09:00 open,,2026-06-30 09:00:00,7456.2,101.8,0.499,Unit 3,7487.2,2026-06-30 23:45:00,card runner time-stop at entry-session close,-0.305,-0.653
2026-06-29_Trade_2,2026-06-29,Trade 2 - Pivot (sell stop below daily S1),Trade 2,SHORT,STOP,7296.6,7389.4,7301.2,7274.7,7248.3,93.0,card,baseline,NO FILL,2026-06-30,,STOP 7296.6 not reached from 09:00 to 23:00 on 2026-06-30 (range 7437.6-7513.4),,,,,All,,,,0.0,0.0
2026-06-29_Trade_3C,2026-06-29,"Trade 3C - Momentum-Breakout (sell stop, conditional)",Trade 3C,SHORT,STOP,7209.9,7349.7,7050.0,6950.0,6900.0,140.0,card,baseline,NO FILL,2026-06-30,,STOP 7209.9 not reached from 09:00 to 23:00 on 2026-06-30 (range 7437.6-7513.4),,,,,All,,,,0.0,0.0
2026-06-30_Trade_1,2026-06-30,Trade 1 - Daily Directional,Trade 1,SHORT,MARKET,7354.0,7500.0,7208.0,7062.0,7186.0,146.0,card,baseline,SKIPPED_MICRO_R,2026-07-01,MARKET at 09:00 open,,2026-07-01 09:00:00,7473.8,26.2,0.179,All,,,MICRO-R - realised risk 26.2 < 0.25 x card R 146.0; not taken,0.0,0.0
2026-06-30_Trade_2,2026-06-30,Trade 2 - Pivot (sell stop below P),Trade 2,SHORT,STOP,7350.0,7369.0,7333.0,7322.0,7311.0,19.0,card,baseline,NO FILL,2026-07-01,,STOP 7350.0 not reached from 09:00 to 23:00 on 2026-07-01 (range 7452.6-7525.4),,,,,All,,,,0.0,0.0
2026-06-30_Trade_3A,2026-06-30,Trade 3A - Momentum-Pullback (57.5% rally-sell),Trade 3A,SHORT,LIMIT,7420.0,7500.0,7390.0,7331.0,7176.0,80.0,card,baseline,FILLED,2026-07-01,LIMIT already marketable at 09:00 - filled at open,,2026-07-01 09:00:00,7473.8,26.2,0.327,Unit 1,7500.0,2026-07-01 17:15:00,stopped out,-1.0,-1.0
2026-06-30_Trade_3A,2026-06-30,Trade 3A - Momentum-Pullback (57.5% rally-sell),Trade 3A,SHORT,LIMIT,7420.0,7500.0,7390.0,7331.0,7176.0,80.0,card,baseline,FILLED,2026-07-01,LIMIT already marketable at 09:00 - filled at open,,2026-07-01 09:00:00,7473.8,26.2,0.327,Unit 2,7500.0,2026-07-01 17:15:00,stopped out,-1.0,-1.0
2026-06-30_Trade_3A,2026-06-30,Trade 3A - Momentum-Pullback (57.5% rally-sell),Trade 3A,SHORT,LIMIT,7420.0,7500.0,7390.0,7331.0,7176.0,80.0,card,baseline,FILLED,2026-07-01,LIMIT already marketable at 09:00 - filled at open,,2026-07-01 09:00:00,7473.8,26.2,0.327,Unit 3,7500.0,2026-07-01 17:15:00,stopped out,-1.0,-1.0
2026-07-01_Trade_1,2026-07-01,Trade 1 - Daily Directional (buy limit daily P),Trade 1,LONG,LIMIT,7413.0,7377.0,7449.0,7485.0,7520.0,36.0,card,baseline,NO FILL,2026-07-02,,LIMIT 7413.0 not reached from 09:00 to 23:00 on 2026-07-02 (range 7427.0-7541.0),,,,,All,,,,0.0,0.0
2026-07-01_Trade_2,2026-07-01,Trade 2 - Pivot (buy limit daily P),Trade 2,LONG,LIMIT,7413.0,7382.0,7444.0,7472.0,7531.0,31.0,card,baseline,NO FILL,2026-07-02,,LIMIT 7413.0 not reached from 09:00 to 23:00 on 2026-07-02 (range 7427.0-7541.0),,,,,All,,,,0.0,0.0
2026-07-01_Trade_3A,2026-07-01,Trade 3A - Momentum-Pullback (breakout stop),Trade 3A,LONG,STOP,7446.0,7401.0,7491.0,7500.0,7531.0,45.0,card,baseline,FILLED,2026-07-02,STOP already marketable at 09:00 - filled at open,,2026-07-02 09:00:00,7489.7,88.7,1.971,Unit 1,7491.0,2026-07-02 09:00:00,TP1 reached,0.015,1.0
2026-07-01_Trade_3A,2026-07-01,Trade 3A - Momentum-Pullback (breakout stop),Trade 3A,LONG,STOP,7446.0,7401.0,7491.0,7500.0,7531.0,45.0,card,baseline,FILLED,2026-07-02,STOP already marketable at 09:00 - filled at open,,2026-07-02 09:00:00,7489.7,88.7,1.971,Unit 2,7489.7,2026-07-02 09:00:00,BE trail hit (BE_ON_TP1),0.0,0.971
2026-07-01_Trade_3A,2026-07-01,Trade 3A - Momentum-Pullback (breakout stop),Trade 3A,LONG,STOP,7446.0,7401.0,7491.0,7500.0,7531.0,45.0,card,baseline,FILLED,2026-07-02,STOP already marketable at 09:00 - filled at open,,2026-07-02 09:00:00,7489.7,88.7,1.971,Unit 3,7489.7,2026-07-02 09:00:00,BE trail hit (BE_ON_TP1),0.0,0.971
2026-07-02_Trade_1,2026-07-02,Trade 1 - Daily Directional,Trade 1,LONG,MARKET,7499.36,7412.56,7586.16,7672.96,7759.76,86.8,card,baseline,FILLED,2026-07-03,MARKET at 09:00 open,,2026-07-03 09:00:00,7502.3,89.74,1.034,Unit 1,7586.16,2026-07-16 08:15:00,TP1 reached,0.934,1.0
2026-07-02_Trade_1,2026-07-02,Trade 1 - Daily Directional,Trade 1,LONG,MARKET,7499.36,7412.56,7586.16,7672.96,7759.76,86.8,card,baseline,FILLED,2026-07-03,MARKET at 09:00 open,,2026-07-03 09:00:00,7502.3,89.74,1.034,Unit 2,7502.3,2026-07-17 04:15:00,BE trail hit (BE_ON_TP1),0.0,0.034
2026-07-02_Trade_1,2026-07-02,Trade 1 - Daily Directional,Trade 1,LONG,MARKET,7499.36,7412.56,7586.16,7672.96,7759.76,86.8,card,baseline,FILLED,2026-07-03,MARKET at 09:00 open,,2026-07-03 09:00:00,7502.3,89.74,1.034,Unit 3,7504.6,2026-07-03 20:00:00,card runner time-stop at entry-session close,0.026,0.06
2026-07-02_Trade_2,2026-07-02,Trade 2 - Pivot (regime-aware),Trade 2,n/a,MARKET,,,,,,,card,baseline,SUPPRESSED,,,,,,,,All,,,,0.0,0.0
2026-07-02_Trade_3A,2026-07-02,Trade 3A - Momentum-Pullback (57.5% fib),Trade 3A,LONG,LIMIT,7425.33,7344.02,7457.71,7499.36,7521.81,81.31,card,baseline,NO FILL,2026-07-03,,LIMIT 7425.33 not reached from 09:00 to 23:00 on 2026-07-03 (range 7493.9-7513.1),,,,,All,,,,0.0,0.0
2026-07-03_Trade_1,2026-07-03,Trade 1 - Daily Directional,Trade 1,LONG,MARKET,7482.5,7428.0,7537.0,7591.0,7740.0,54.5,card,baseline,FILLED,2026-07-06,MARKET at 09:00 open,,2026-07-06 09:00:00,7499.8,71.8,1.317,Unit 1,7537.0,2026-07-06 18:15:00,TP1 reached,0.518,1.0
2026-07-03_Trade_1,2026-07-03,Trade 1 - Daily Directional,Trade 1,LONG,MARKET,7482.5,7428.0,7537.0,7591.0,7740.0,54.5,card,baseline,FILLED,2026-07-06,MARKET at 09:00 open,,2026-07-06 09:00:00,7499.8,71.8,1.317,Unit 2,7499.8,2026-07-07 17:00:00,BE trail hit (BE_ON_TP1),0.0,0.317
2026-07-03_Trade_1,2026-07-03,Trade 1 - Daily Directional,Trade 1,LONG,MARKET,7482.5,7428.0,7537.0,7591.0,7740.0,54.5,card,baseline,FILLED,2026-07-06,MARKET at 09:00 open,,2026-07-06 09:00:00,7499.8,71.8,1.317,Unit 3,7546.3,2026-07-06 23:45:00,card runner time-stop at entry-session close,0.648,1.171
2026-07-03_Trade_2,2026-07-03,Trade 2 - Pivot (TRANSITION breakout side),Trade 2,n/a,MARKET,,,,,,,card,baseline,SUPPRESSED,,,,,,,,All,,,,0.0,0.0
2026-07-03_Trade_3C,2026-07-03,Trade 3C - Momentum-Breakout (conditional),Trade 3C,LONG,CONDITIONAL,7620.9,7391.0,8004.0,8195.0,,229.9,card,baseline,FILLED,2026-08-05,MARKET at 09:00 open,confirmed close 7747.3 on 2026-08-04; ,2026-08-05 09:00:00,7772.2,381.2,1.658,Unit 1,7741.2,2026-09-03 23:45:00,unresolved at end of data - MTM,-0.081,0.523
2026-07-03_Trade_3C,2026-07-03,Trade 3C - Momentum-Breakout (conditional),Trade 3C,LONG,CONDITIONAL,7620.9,7391.0,8004.0,8195.0,,229.9,card,baseline,FILLED,2026-08-05,MARKET at 09:00 open,confirmed close 7747.3 on 2026-08-04; ,2026-08-05 09:00:00,7772.2,381.2,1.658,Unit 2,7741.2,2026-09-03 23:45:00,unresolved at end of data - MTM,-0.081,0.523
2026-07-03_Trade_3C,2026-07-03,Trade 3C - Momentum-Breakout (conditional),Trade 3C,LONG,CONDITIONAL,7620.9,7391.0,8004.0,8195.0,,229.9,card,baseline,FILLED,2026-08-05,MARKET at 09:00 open,confirmed close 7747.3 on 2026-08-04; ,2026-08-05 09:00:00,7772.2,381.2,1.658,Unit 3,7741.2,2026-09-03 23:45:00,unresolved at end of data - MTM,-0.081,0.523
2026-07-06_Trade_1,2026-07-06,Trade 1 — Daily Directional,Trade 1,n/a,,,,,,,,card,baseline,SUPPRESSED,,,,,,,,All,,,,0.0,0.0
2026-07-06_Trade_2,2026-07-06,"Trade 2 — Pivot fade, RANGE regime",Trade 2,SHORT,LIMIT,7540.0,7576.0,7504.0,7468.0,7427.0,36.0,card,baseline,NO FILL,2026-07-07,,LIMIT 7540.0 not reached from 09:00 to 23:00 on 2026-07-07 (range 7480.5-7538.4),,,,,All,,,,0.0,0.0
2026-07-06_Trade_3B,2026-07-06,Trade 3B — Mean-Reversion to range mid,Trade 3B,LONG,LIMIT,7440.0,7392.0,7484.0,7512.0,7540.0,48.0,card,baseline,NO FILL,2026-07-07,,LIMIT 7440.0 not reached from 09:00 to 23:00 on 2026-07-07 (range 7480.5-7538.4),,,,,All,,,,0.0,0.0
2026-07-07_Trade_1,2026-07-07,Trade 1 — Daily Directional (LONG),Trade 1,LONG,MARKET,7537.0,7443.0,7631.0,7725.0,,94.0,card,baseline,FILLED,2026-07-08,MARKET at 09:00 open,,2026-07-08 09:00:00,7495.4,52.4,0.557,Unit 1,7443.0,2026-07-08 11:30:00,stopped out,-1.0,-1.0
2026-07-07_Trade_1,2026-07-07,Trade 1 — Daily Directional (LONG),Trade 1,LONG,MARKET,7537.0,7443.0,7631.0,7725.0,,94.0,card,baseline,FILLED,2026-07-08,MARKET at 09:00 open,,2026-07-08 09:00:00,7495.4,52.4,0.557,Unit 2,7443.0,2026-07-08 11:30:00,stopped out,-1.0,-1.0
2026-07-07_Trade_1,2026-07-07,Trade 1 — Daily Directional (LONG),Trade 1,LONG,MARKET,7537.0,7443.0,7631.0,7725.0,,94.0,card,baseline,FILLED,2026-07-08,MARKET at 09:00 open,,2026-07-08 09:00:00,7495.4,52.4,0.557,Unit 3,7443.0,2026-07-08 11:30:00,stopped out,-1.0,-1.0
2026-07-07_Trade_2,2026-07-07,"Trade 2 — Pivot, regime-aware (LONG pullback)",Trade 2,LONG,LIMIT,7500.0,7462.0,7538.0,7576.0,7566.37,38.0,card,baseline,FILLED,2026-07-08,LIMIT already marketable at 09:00 - filled at open,,2026-07-08 09:00:00,7495.4,33.4,0.879,Unit 1,7462.0,2026-07-08 11:15:00,stopped out,-1.0,-1.0
2026-07-07_Trade_2,2026-07-07,"Trade 2 — Pivot, regime-aware (LONG pullback)",Trade 2,LONG,LIMIT,7500.0,7462.0,7538.0,7576.0,7566.37,38.0,card,baseline,FILLED,2026-07-08,LIMIT already marketable at 09:00 - filled at open,,2026-07-08 09:00:00,7495.4,33.4,0.879,Unit 2,7462.0,2026-07-08 11:15:00,stopped out,-1.0,-1.0
2026-07-07_Trade_2,2026-07-07,"Trade 2 — Pivot, regime-aware (LONG pullback)",Trade 2,LONG,LIMIT,7500.0,7462.0,7538.0,7576.0,7566.37,38.0,card,baseline,FILLED,2026-07-08,LIMIT already marketable at 09:00 - filled at open,,2026-07-08 09:00:00,7495.4,33.4,0.879,Unit 3,7462.0,2026-07-08 11:15:00,stopped out,-1.0,-1.0
2026-07-07_Trade_3C,2026-07-07,Trade 3C — Momentum-Breakout (LONG),Trade 3C,LONG,STOP,7545.0,7497.0,7593.0,7641.0,,48.0,card,baseline,NO FILL,2026-07-08,,STOP 7545.0 not reached from 09:00 to 23:00 on 2026-07-08 (range 7420.5-7499.4),,,,,All,,,,0.0,0.0
2026-07-09_Trade_1,2026-07-09,Trade 1 - Daily Directional,Trade 1,n/a,MARKET,,,,,,,card,baseline,SUPPRESSED,,,,,,,,All,,,,0.0,0.0
2026-07-09_Trade_2,2026-07-09,Trade 2 - Pivot (sell limit daily P),Trade 2,SHORT,LIMIT,7508.9,7545.0,7472.9,7441.9,7405.9,36.1,card,baseline,FILLED,2026-07-10,LIMIT already marketable at 09:00 - filled at open,,2026-07-10 09:00:00,7528.9,16.1,0.446,Unit 1,7545.0,2026-07-10 15:00:00,stopped out,-1.0,-1.0
2026-07-09_Trade_2,2026-07-09,Trade 2 - Pivot (sell limit daily P),Trade 2,SHORT,LIMIT,7508.9,7545.0,7472.9,7441.9,7405.9,36.1,card,baseline,FILLED,2026-07-10,LIMIT already marketable at 09:00 - filled at open,,2026-07-10 09:00:00,7528.9,16.1,0.446,Unit 2,7545.0,2026-07-10 15:00:00,stopped out,-1.0,-1.0
2026-07-09_Trade_2,2026-07-09,Trade 2 - Pivot (sell limit daily P),Trade 2,SHORT,LIMIT,7508.9,7545.0,7472.9,7441.9,7405.9,36.1,card,baseline,FILLED,2026-07-10,LIMIT already marketable at 09:00 - filled at open,,2026-07-10 09:00:00,7528.9,16.1,0.446,Unit 3,7545.0,2026-07-10 15:00:00,stopped out,-1.0,-1.0
2026-07-09_Trade_3A,2026-07-09,Trade 3A - Momentum-Pullback (sell stop),Trade 3A,SHORT,STOP,7438.0,7485.0,7410.0,7392.0,7344.0,47.0,card,baseline,NO FILL,2026-07-10,,STOP 7438.0 not reached from 09:00 to 23:00 on 2026-07-10 (range 7505.6-7579.5),,,,,All,,,,0.0,0.0
2026-07-10_Trade_1,2026-07-10,Trade 1 - Daily Directional,Trade 1,LONG,MARKET,7543.64,7472.74,7614.54,7685.44,7663.29,70.9,card,baseline,FILLED,2026-07-13,MARKET at 16:30 open,,2026-07-13 16:30:00,7550.8,78.06,1.101,Unit 1,7472.74,2026-07-17 07:15:00,stopped out,-1.0,-1.0
2026-07-10_Trade_1,2026-07-10,Trade 1 - Daily Directional,Trade 1,LONG,MARKET,7543.64,7472.74,7614.54,7685.44,7663.29,70.9,card,baseline,FILLED,2026-07-13,MARKET at 16:30 open,,2026-07-13 16:30:00,7550.8,78.06,1.101,Unit 2,7472.74,2026-07-17 07:15:00,stopped out,-1.0,-1.0
2026-07-10_Trade_1,2026-07-10,Trade 1 - Daily Directional,Trade 1,LONG,MARKET,7543.64,7472.74,7614.54,7685.44,7663.29,70.9,card,baseline,FILLED,2026-07-13,MARKET at 16:30 open,,2026-07-13 16:30:00,7550.8,78.06,1.101,Unit 3,7510.2,2026-07-13 23:45:00,card runner time-stop at entry-session close,-0.52,-0.472
2026-07-10_Trade_2,2026-07-10,Trade 2 - Pivot (regime-aware),Trade 2,n/a,MARKET,,,,,,,card,baseline,SUPPRESSED,,,,,,,,All,,,,0.0,0.0
2026-07-10_Trade_3C,2026-07-10,Trade 3C - Momentum-Breakout,Trade 3C,n/a,MARKET,,,,,,,card,baseline,SUPPRESSED,,,,,,,,All,,,,0.0,0.0
2026-07-13_Trade_1,2026-07-13,Trade 1 - Daily Directional,Trade 1,LONG,MARKET,7575.39,7480.25,7670.53,7765.67,7827.75,95.14,card,baseline,FILLED,2026-07-14,MARKET at 16:30 open,,2026-07-14 16:30:00,7535.7,55.45,0.583,Unit 1,7480.25,2026-07-17 07:00:00,stopped out,-1.0,-1.0
2026-07-13_Trade_1,2026-07-13,Trade 1 - Daily Directional,Trade 1,LONG,MARKET,7575.39,7480.25,7670.53,7765.67,7827.75,95.14,card,baseline,FILLED,2026-07-14,MARKET at 16:30 open,,2026-07-14 16:30:00,7535.7,55.45,0.583,Unit 2,7480.25,2026-07-17 07:00:00,stopped out,-1.0,-1.0
2026-07-13_Trade_1,2026-07-13,Trade 1 - Daily Directional,Trade 1,LONG,MARKET,7575.39,7480.25,7670.53,7765.67,7827.75,95.14,card,baseline,FILLED,2026-07-14,MARKET at 16:30 open,,2026-07-14 16:30:00,7535.7,55.45,0.583,Unit 3,7547.6,2026-07-14 23:45:00,card runner time-stop at entry-session close,0.215,-0.292
2026-07-13_Trade_2,2026-07-13,Trade 2 - Pivot (TRANSITION breakout side),Trade 2,LONG,STOP,7577.84,7505.84,7577.84,7589.25,7620.0,72.0,card,baseline,NO FILL,2026-07-14,,STOP 7577.84 not reached from 09:00 to 23:00 on 2026-07-14 (range 7500.2-7569.5),,,,,All,,,,0.0,0.0
2026-07-13_Trade_3C,2026-07-13,Trade 3C - Momentum-Breakout,Trade 3C,n/a,MARKET,,,,,,,card,baseline,SUPPRESSED,,,,,,,,All,,,,0.0,0.0
2026-07-14_Trade_1,2026-07-14,Trade 1 - Daily Directional,Trade 1,LONG,MARKET,7575.39,7529.06,7621.7,7668.0,7743.0,46.3,card,baseline,FILLED,2026-07-15,MARKET at 09:00 open,,2026-07-15 09:00:00,7565.8,36.74,0.793,Unit 1,7529.06,2026-07-15 19:30:00,stopped out,-1.0,-1.0
2026-07-14_Trade_1,2026-07-14,Trade 1 - Daily Directional,Trade 1,LONG,MARKET,7575.39,7529.06,7621.7,7668.0,7743.0,46.3,card,baseline,FILLED,2026-07-15,MARKET at 09:00 open,,2026-07-15 09:00:00,7565.8,36.74,0.793,Unit 2,7529.06,2026-07-15 19:30:00,stopped out,-1.0,-1.0
2026-07-14_Trade_1,2026-07-14,Trade 1 - Daily Directional,Trade 1,LONG,MARKET,7575.39,7529.06,7621.7,7668.0,7743.0,46.3,card,baseline,FILLED,2026-07-15,MARKET at 09:00 open,,2026-07-15 09:00:00,7565.8,36.74,0.793,Unit 3,7529.06,2026-07-15 19:30:00,stopped out,-1.0,-1.0
2026-07-14_Trade_2,2026-07-14,Trade 2 - Pivot (buy limit daily P),Trade 2,LONG,LIMIT,7554.49,7482.72,7600.83,7626.26,7672.6,71.77,card,baseline,FILLED,2026-07-15,LIMIT touched,,2026-07-15 10:15:00,7554.49,71.77,1.0,Unit 1,7482.72,2026-07-17 07:00:00,stopped out,-1.0,-1.0
2026-07-14_Trade_2,2026-07-14,Trade 2 - Pivot (buy limit daily P),Trade 2,LONG,LIMIT,7554.49,7482.72,7600.83,7626.26,7672.6,71.77,card,baseline,FILLED,2026-07-15,LIMIT touched,,2026-07-15 10:15:00,7554.49,71.77,1.0,Unit 2,7482.72,2026-07-17 07:00:00,stopped out,-1.0,-1.0
2026-07-14_Trade_2,2026-07-14,Trade 2 - Pivot (buy limit daily P),Trade 2,LONG,LIMIT,7554.49,7482.72,7600.83,7626.26,7672.6,71.77,card,baseline,FILLED,2026-07-15,LIMIT touched,,2026-07-15 10:15:00,7554.49,71.77,1.0,Unit 3,7482.72,2026-07-17 07:00:00,stopped out,-1.0,-1.0
2026-07-14_Trade_3A,2026-07-14,Trade 3A - Momentum-Pullback (breakout stop),Trade 3A,LONG,STOP,7581.0,7508.16,7620.9,7739.0,7800.0,72.84,card,baseline,FILLED,2026-07-15,STOP touched,,2026-07-15 16:30:00,7581.0,72.84,1.0,Unit 1,7508.16,2026-07-16 22:45:00,stopped out,-1.0,-1.0
2026-07-14_Trade_3A,2026-07-14,Trade 3A - Momentum-Pullback (breakout stop),Trade 3A,LONG,STOP,7581.0,7508.16,7620.9,7739.0,7800.0,72.84,card,baseline,FILLED,2026-07-15,STOP touched,,2026-07-15 16:30:00,7581.0,72.84,1.0,Unit 2,7508.16,2026-07-16 22:45:00,stopped out,-1.0,-1.0
2026-07-14_Trade_3A,2026-07-14,Trade 3A - Momentum-Pullback (breakout stop),Trade 3A,LONG,STOP,7581.0,7508.16,7620.9,7739.0,7800.0,72.84,card,baseline,FILLED,2026-07-15,STOP touched,,2026-07-15 16:30:00,7581.0,72.84,1.0,Unit 3,7508.16,2026-07-16 22:45:00,stopped out,-1.0,-1.0
2026-07-15_Trade_1,2026-07-15,Trade 1 - Daily Directional,Trade 1,LONG,MARKET,7543.6,7483.4,7603.8,7664.0,7724.0,60.2,card,baseline,FILLED,2026-07-16,MARKET at 09:00 open,,2026-07-16 09:00:00,7574.7,91.3,1.517,Unit 1,7483.4,2026-07-17 06:45:00,stopped out,-1.0,-1.0
2026-07-15_Trade_1,2026-07-15,Trade 1 - Daily Directional,Trade 1,LONG,MARKET,7543.6,7483.4,7603.8,7664.0,7724.0,60.2,card,baseline,FILLED,2026-07-16,MARKET at 09:00 open,,2026-07-16 09:00:00,7574.7,91.3,1.517,Unit 2,7483.4,2026-07-17 06:45:00,stopped out,-1.0,-1.0
2026-07-15_Trade_1,2026-07-15,Trade 1 - Daily Directional,Trade 1,LONG,MARKET,7543.6,7483.4,7603.8,7664.0,7724.0,60.2,card,baseline,FILLED,2026-07-16,MARKET at 09:00 open,,2026-07-16 09:00:00,7574.7,91.3,1.517,Unit 3,7526.2,2026-07-16 23:45:00,card runner time-stop at entry-session close,-0.531,-0.289
2026-07-15_Trade_2,2026-07-15,Trade 2 - Pivot (TRANSITION breakout side),Trade 2,LONG,STOP,7530.6,7497.8,7553.2,7572.2,7591.1,32.8,card,baseline,FILLED,2026-07-16,STOP already marketable at 09:00 - filled at open,,2026-07-16 09:00:00,7574.7,76.9,2.345,Unit 1,7553.2,2026-07-16 09:00:00,TP1 reached,-0.28,0.689
2026-07-15_Trade_2,2026-07-15,Trade 2 - Pivot (TRANSITION breakout side),Trade 2,LONG,STOP,7530.6,7497.8,7553.2,7572.2,7591.1,32.8,card,baseline,FILLED,2026-07-16,STOP already marketable at 09:00 - filled at open,,2026-07-16 09:00:00,7574.7,76.9,2.345,Unit 2,7572.2,2026-07-16 09:00:00,TP2 reached,-0.033,1.268
2026-07-15_Trade_2,2026-07-15,Trade 2 - Pivot (TRANSITION breakout side),Trade 2,LONG,STOP,7530.6,7497.8,7553.2,7572.2,7591.1,32.8,card,baseline,FILLED,2026-07-16,STOP already marketable at 09:00 - filled at open,,2026-07-16 09:00:00,7574.7,76.9,2.345,Unit 3,7574.7,2026-07-16 09:00:00,BE trail hit (BE_ON_TP1),0.0,1.345
2026-07-15_Trade_3C,2026-07-15,Trade 3C - Momentum-Breakout,Trade 3C,n/a,MARKET,,,,,,,card,baseline,SUPPRESSED,,,,,,,,All,,,,0.0,0.0
2026-07-16_Trade_1,2026-07-16,Trade 1 - Daily Directional,Trade 1,LONG,MARKET,7543.59,7402.26,7684.93,7826.26,7778.37,141.34,card,baseline,FILLED,2026-07-17,MARKET at 16:30 open,,2026-07-17 16:30:00,7443.7,41.44,0.293,Unit 1,7402.26,2026-07-23 18:00:00,stopped out,-1.0,-1.0
2026-07-16_Trade_1,2026-07-16,Trade 1 - Daily Directional,Trade 1,LONG,MARKET,7543.59,7402.26,7684.93,7826.26,7778.37,141.34,card,baseline,FILLED,2026-07-17,MARKET at 16:30 open,,2026-07-17 16:30:00,7443.7,41.44,0.293,Unit 2,7402.26,2026-07-23 18:00:00,stopped out,-1.0,-1.0
2026-07-16_Trade_1,2026-07-16,Trade 1 - Daily Directional,Trade 1,LONG,MARKET,7543.59,7402.26,7684.93,7826.26,7778.37,141.34,card,baseline,FILLED,2026-07-17,MARKET at 16:30 open,,2026-07-17 16:30:00,7443.7,41.44,0.293,Unit 3,7455.3,2026-07-17 23:45:00,card runner time-stop at entry-session close,0.28,-0.625
2026-07-16_Trade_2,2026-07-16,Trade 2 - Pivot (buy limit daily P),Trade 2,LONG,LIMIT,7538.09,7518.73,7562.94,7572.62,7590.0,19.36,card,baseline,SKIPPED_MALFORMED,2026-07-17,LIMIT already marketable at 09:00 - filled at open,,2026-07-17 09:00:00,7469.6,49.13,2.538,All,,,MALFORMED - stop on wrong side of fill; not taken,0.0,0.0
2026-07-16_Trade_3C,2026-07-16,Trade 3C - Transition Breakout,Trade 3C,n/a,MARKET,,,,,,,card,baseline,SUPPRESSED,,,,,,,,All,,,,0.0,0.0
2026-07-17_Trade_1,2026-07-17,Trade 1 - Daily Directional,Trade 1,SHORT,MARKET,7542.76,7586.27,7499.25,7455.75,7327.55,43.51,card,baseline,FILLED,2026-07-20,MARKET at 16:30 open,,2026-07-20 16:30:00,7495.3,90.97,2.091,Unit 1,7499.25,2026-07-20 16:30:00,TP1 reached,-0.043,1.0
2026-07-17_Trade_1,2026-07-17,Trade 1 - Daily Directional,Trade 1,SHORT,MARKET,7542.76,7586.27,7499.25,7455.75,7327.55,43.51,card,baseline,FILLED,2026-07-20,MARKET at 16:30 open,,2026-07-20 16:30:00,7495.3,90.97,2.091,Unit 2,7495.3,2026-07-20 16:30:00,BE trail hit (BE_ON_TP1),-0.0,1.091
2026-07-17_Trade_1,2026-07-17,Trade 1 - Daily Directional,Trade 1,SHORT,MARKET,7542.76,7586.27,7499.25,7455.75,7327.55,43.51,card,baseline,FILLED,2026-07-20,MARKET at 16:30 open,,2026-07-20 16:30:00,7495.3,90.97,2.091,Unit 3,7495.3,2026-07-20 16:30:00,BE trail hit (BE_ON_TP1),-0.0,1.091
2026-07-17_Trade_2,2026-07-17,Trade 2 - Pivot (buy limit daily S1),Trade 2,LONG,LIMIT,7501.61,7453.57,7549.65,7597.7,7716.82,48.04,card,baseline,SKIPPED_MICRO_R,2026-07-20,LIMIT already marketable at 09:00 - filled at open,,2026-07-20 09:00:00,7457.1,3.53,0.073,All,,,MICRO-R - realised risk 3.5 < 0.25 x card R 48.0; not taken,0.0,0.0
2026-07-17_Trade_3,2026-07-17,Trade 3 - Pivot fade (sell limit daily R1),Trade 3,SHORT,LIMIT,7568.33,7599.43,7537.23,7506.12,7353.12,31.1,card,baseline,NO FILL,2026-07-20,,LIMIT 7568.33 not reached from 09:00 to 23:00 on 2026-07-20 (range 7439.3-7512.8),,,,,All,,,,0.0,0.0
2026-07-20_Trade_1,2026-07-20,Trade 1 - Daily Directional,Trade 1,SHORT,MARKET,7457.69,7516.52,7398.86,7340.04,7241.13,58.83,card,baseline,FILLED,2026-07-21,MARKET at 09:00 open,,2026-07-21 09:00:00,7482.7,33.82,0.575,Unit 1,7516.52,2026-07-22 17:00:00,stopped out,-1.0,-1.0
2026-07-20_Trade_1,2026-07-20,Trade 1 - Daily Directional,Trade 1,SHORT,MARKET,7457.69,7516.52,7398.86,7340.04,7241.13,58.83,card,baseline,FILLED,2026-07-21,MARKET at 09:00 open,,2026-07-21 09:00:00,7482.7,33.82,0.575,Unit 2,7516.52,2026-07-22 17:00:00,stopped out,-1.0,-1.0
2026-07-20_Trade_1,2026-07-20,Trade 1 - Daily Directional,Trade 1,SHORT,MARKET,7457.69,7516.52,7398.86,7340.04,7241.13,58.83,card,baseline,FILLED,2026-07-21,MARKET at 09:00 open,,2026-07-21 09:00:00,7482.7,33.82,0.575,Unit 3,7503.7,2026-07-21 23:45:00,card runner time-stop at entry-session close,-0.621,-0.782
2026-07-20_Trade_2,2026-07-20,Trade 2 - Pivot (TRANSITION down-break side),Trade 2,SHORT,STOP,7458.87,7487.44,7426.48,7410.87,7395.26,28.57,card,baseline,NO FILL,2026-07-21,,STOP 7458.87 not reached from 09:00 to 23:00 on 2026-07-21 (range 7466.5-7515.7),,,,,All,,,,0.0,0.0
2026-07-20_Trade_3C,2026-07-20,Trade 3C - Momentum-Breakout (conditional),Trade 3C,SHORT,CONDITIONAL,7276.13,7470.83,6999.76,6852.55,,194.7,card,baseline,NO TRIGGER,,,confirming close beyond 7276.13 never printed,,,,,All,,,,0.0,0.0
2026-07-21_Trade_1,2026-07-21,Trade 1 - Daily Directional,Trade 1,SHORT,MARKET,7443.0,7502.0,7384.0,7325.0,7245.0,59.0,card,baseline,SKIPPED_MICRO_R,2026-07-22,MARKET at 09:00 open,,2026-07-22 09:00:00,7499.0,3.0,0.051,All,,,MICRO-R - realised risk 3.0 < 0.25 x card R 59.0; not taken,0.0,0.0
2026-07-21_Trade_2,2026-07-21,Trade 2 - Pivot (regime-aware),Trade 2,n/a,MARKET,,,,,,,card,baseline,SUPPRESSED,,,,,,,,All,,,,0.0,0.0
2026-07-21_Trade_3C,2026-07-21,Trade 3C - Momentum-Breakout (conditional short),Trade 3C,SHORT,CONDITIONAL,7443.0,7530.0,7094.0,6933.0,6800.0,87.0,card,baseline,FILLED,2026-07-24,MARKET at 09:00 open,confirmed close 7418.0 on 2026-07-23; ,2026-07-24 09:00:00,7405.8,124.2,1.428,Unit 1,7530.0,2026-08-03 04:45:00,stopped out,-1.0,-1.0
2026-07-21_Trade_3C,2026-07-21,Trade 3C - Momentum-Breakout (conditional short),Trade 3C,SHORT,CONDITIONAL,7443.0,7530.0,7094.0,6933.0,6800.0,87.0,card,baseline,FILLED,2026-07-24,MARKET at 09:00 open,confirmed close 7418.0 on 2026-07-23; ,2026-07-24 09:00:00,7405.8,124.2,1.428,Unit 2,7530.0,2026-08-03 04:45:00,stopped out,-1.0,-1.0
2026-07-21_Trade_3C,2026-07-21,Trade 3C - Momentum-Breakout (conditional short),Trade 3C,SHORT,CONDITIONAL,7443.0,7530.0,7094.0,6933.0,6800.0,87.0,card,baseline,FILLED,2026-07-24,MARKET at 09:00 open,confirmed close 7418.0 on 2026-07-23; ,2026-07-24 09:00:00,7405.8,124.2,1.428,Unit 3,7530.0,2026-08-03 04:45:00,stopped out,-1.0,-1.0
2026-07-22_Trade_1,2026-07-22,Trade 1 - Daily Directional,Trade 1,n/a,MARKET,,,,,,,card,baseline,SUPPRESSED,,,,,,,,All,,,,0.0,0.0
2026-07-22_Trade_2,2026-07-22,Trade 2 - Pivot (regime-aware),Trade 2,n/a,MARKET,,,,,,,card,baseline,SUPPRESSED,,,,,,,,All,,,,0.0,0.0
2026-07-22_Trade_3B,2026-07-22,"Trade 3B - Mean-Reversion (range fade, short leg)",Trade 3B,SHORT,LIMIT,7524.1,7556.5,7442.9,7329.3,7300.9,32.4,card,baseline,NO FILL,2026-07-23,,LIMIT 7524.1 not reached from 09:00 to 23:00 on 2026-07-23 (range 7375.3-7490.0),,,,,All,,,,0.0,0.0
2026-07-23_Trade_1,2026-07-23,Trade 1 - Daily Directional,Trade 1,SHORT,MARKET,7498.96,7521.14,7476.78,7454.6,7286.22,22.18,card,baseline,FILLED,2026-07-24,MARKET at 16:30 open,,2026-07-24 16:30:00,7407.6,113.54,5.119,Unit 1,7476.78,2026-07-24 16:30:00,TP1 reached,-0.609,1.0
2026-07-23_Trade_1,2026-07-23,Trade 1 - Daily Directional,Trade 1,SHORT,MARKET,7498.96,7521.14,7476.78,7454.6,7286.22,22.18,card,baseline,FILLED,2026-07-24,MARKET at 16:30 open,,2026-07-24 16:30:00,7407.6,113.54,5.119,Unit 2,7454.6,2026-07-24 16:30:00,TP2 reached,-0.414,2.0
2026-07-23_Trade_1,2026-07-23,Trade 1 - Daily Directional,Trade 1,SHORT,MARKET,7498.96,7521.14,7476.78,7454.6,7286.22,22.18,card,baseline,FILLED,2026-07-24,MARKET at 16:30 open,,2026-07-24 16:30:00,7407.6,113.54,5.119,Unit 3,7407.6,2026-07-24 16:30:00,BE trail hit (BE_ON_TP1),-0.0,4.119
2026-07-23_Trade_2,2026-07-23,Trade 2 - Pivot (buy limit daily S1),Trade 2,LONG,LIMIT,7483.19,7414.64,7551.74,7620.28,7695.92,68.55,card,baseline,SKIPPED_MALFORMED,2026-07-24,LIMIT already marketable at 09:00 - filled at open,,2026-07-24 09:00:00,7405.8,8.84,0.129,All,,,MALFORMED - stop on wrong side of fill; not taken,0.0,0.0
2026-07-23_Trade_3,2026-07-23,Trade 3 - Pivot fade (sell limit daily R2),Trade 3,SHORT,LIMIT,7540.65,7588.26,7504.03,7490.13,7483.19,47.61,card,baseline,NO FILL,2026-07-24,,LIMIT 7540.65 not reached from 09:00 to 23:00 on 2026-07-24 (range 7395.6-7460.2),,,,,All,,,,0.0,0.0
2026-07-24_Trade_1,2026-07-24,Trade 1 - Daily Directional,Trade 1,SHORT,MARKET,7408.3,7446.52,7370.08,7331.86,7190.5,38.22,card,baseline,SKIPPED_MALFORMED,2026-07-27,MARKET at 09:00 open,,2026-07-27 09:00:00,7480.8,34.28,0.897,All,,,MALFORMED - stop on wrong side of fill; not taken,0.0,0.0
2026-07-24_Trade_2,2026-07-24,Trade 2 - Pivot (sell limit daily P),Trade 2,SHORT,LIMIT,7428.37,7479.28,7375.53,7342.77,7289.93,50.91,card,baseline,SKIPPED_MALFORMED,2026-07-27,LIMIT already marketable at 09:00 - filled at open,,2026-07-27 09:00:00,7480.8,1.52,0.03,All,,,MALFORMED - stop on wrong side of fill; not taken,0.0,0.0
2026-07-24_Trade_3A,2026-07-24,Trade 3A - Momentum-Pullback (38.2% rally-sell),Trade 3A,SHORT,LIMIT,7481.66,7552.99,7395.6,7334.32,7256.36,71.33,card,baseline,FILLED,2026-07-27,LIMIT touched,,2026-07-27 09:00:00,7481.66,71.33,1.0,Unit 1,7395.6,2026-07-27 17:30:00,TP1 reached,1.207,1.207
2026-07-24_Trade_3A,2026-07-24,Trade 3A - Momentum-Pullback (38.2% rally-sell),Trade 3A,SHORT,LIMIT,7481.66,7552.99,7395.6,7334.32,7256.36,71.33,card,baseline,FILLED,2026-07-27,LIMIT touched,,2026-07-27 09:00:00,7481.66,71.33,1.0,Unit 2,7334.32,2026-07-29 22:30:00,TP2 reached,2.066,2.066
2026-07-24_Trade_3A,2026-07-24,Trade 3A - Momentum-Pullback (38.2% rally-sell),Trade 3A,SHORT,LIMIT,7481.66,7552.99,7395.6,7334.32,7256.36,71.33,card,baseline,FILLED,2026-07-27,LIMIT touched,,2026-07-27 09:00:00,7481.66,71.33,1.0,Unit 3,7481.66,2026-07-31 11:15:00,BE trail hit (BE_ON_TP1),-0.0,-0.0
2026-07-27_Trade_1,2026-07-27,Trade 1 - Daily Directional,Trade 1,n/a,MARKET,,,,,,,card,baseline,SUPPRESSED,,,,,,,,All,,,,0.0,0.0
2026-07-27_Trade_2,2026-07-27,Trade 2 - Pivot (TRANSITION breakout side),Trade 2,LONG,STOP,7425.82,7392.91,7449.8,7468.7,7487.61,32.91,card,baseline,FILLED,2026-07-28,STOP touched,,2026-07-28 15:30:00,7425.82,32.91,1.0,Unit 1,7392.91,2026-07-28 16:30:00,stopped out,-1.0,-1.0
2026-07-27_Trade_2,2026-07-27,Trade 2 - Pivot (TRANSITION breakout side),Trade 2,LONG,STOP,7425.82,7392.91,7449.8,7468.7,7487.61,32.91,card,baseline,FILLED,2026-07-28,STOP touched,,2026-07-28 15:30:00,7425.82,32.91,1.0,Unit 2,7392.91,2026-07-28 16:30:00,stopped out,-1.0,-1.0
2026-07-27_Trade_2,2026-07-27,Trade 2 - Pivot (TRANSITION breakout side),Trade 2,LONG,STOP,7425.82,7392.91,7449.8,7468.7,7487.61,32.91,card,baseline,FILLED,2026-07-28,STOP touched,,2026-07-28 15:30:00,7425.82,32.91,1.0,Unit 3,7392.91,2026-07-28 16:30:00,stopped out,-1.0,-1.0
2026-07-27_Trade_3C,2026-07-27,Trade 3C - Momentum-Breakout (conditional upside),Trade 3C,LONG,CONDITIONAL,7598.01,7409.11,7868.82,8012.48,,188.9,card,baseline,FILLED,2026-08-04,MARKET at 09:00 open,confirmed close 7603.2 on 2026-08-03; ,2026-08-04 09:00:00,7620.3,211.19,1.118,Unit 1,7741.2,2026-09-03 23:45:00,unresolved at end of data - MTM,0.572,0.758
2026-07-27_Trade_3C,2026-07-27,Trade 3C - Momentum-Breakout (conditional upside),Trade 3C,LONG,CONDITIONAL,7598.01,7409.11,7868.82,8012.48,,188.9,card,baseline,FILLED,2026-08-04,MARKET at 09:00 open,confirmed close 7603.2 on 2026-08-03; ,2026-08-04 09:00:00,7620.3,211.19,1.118,Unit 2,7741.2,2026-09-03 23:45:00,unresolved at end of data - MTM,0.572,0.758
2026-07-27_Trade_3C,2026-07-27,Trade 3C - Momentum-Breakout (conditional upside),Trade 3C,LONG,CONDITIONAL,7598.01,7409.11,7868.82,8012.48,,188.9,card,baseline,FILLED,2026-08-04,MARKET at 09:00 open,confirmed close 7603.2 on 2026-08-03; ,2026-08-04 09:00:00,7620.3,211.19,1.118,Unit 3,7741.2,2026-09-03 23:45:00,unresolved at end of data - MTM,0.572,0.758
2026-07-28_Trade_1,2026-07-28,Trade 1 - Daily Directional,Trade 1,LONG,LIMIT,7392.0,7357.0,7427.0,7462.0,7538.0,35.0,card,baseline,FILLED,2026-07-29,LIMIT touched,,2026-07-29 16:45:00,7392.0,35.0,1.0,Unit 1,7357.0,2026-07-29 18:45:00,stopped out,-1.0,-1.0
2026-07-28_Trade_1,2026-07-28,Trade 1 - Daily Directional,Trade 1,LONG,LIMIT,7392.0,7357.0,7427.0,7462.0,7538.0,35.0,card,baseline,FILLED,2026-07-29,LIMIT touched,,2026-07-29 16:45:00,7392.0,35.0,1.0,Unit 2,7357.0,2026-07-29 18:45:00,stopped out,-1.0,-1.0
2026-07-28_Trade_1,2026-07-28,Trade 1 - Daily Directional,Trade 1,LONG,LIMIT,7392.0,7357.0,7427.0,7462.0,7538.0,35.0,card,baseline,FILLED,2026-07-29,LIMIT touched,,2026-07-29 16:45:00,7392.0,35.0,1.0,Unit 3,7357.0,2026-07-29 18:45:00,stopped out,-1.0,-1.0
2026-07-28_Trade_2,2026-07-28,Trade 2 - Pivot (buy limit daily S1),Trade 2,LONG,LIMIT,7387.0,7362.0,7411.0,7435.0,7512.0,25.0,card,baseline,FILLED,2026-07-29,LIMIT touched,,2026-07-29 17:00:00,7387.0,25.0,1.0,Unit 1,7362.0,2026-07-29 18:30:00,stopped out,-1.0,-1.0
2026-07-28_Trade_2,2026-07-28,Trade 2 - Pivot (buy limit daily S1),Trade 2,LONG,LIMIT,7387.0,7362.0,7411.0,7435.0,7512.0,25.0,card,baseline,FILLED,2026-07-29,LIMIT touched,,2026-07-29 17:00:00,7387.0,25.0,1.0,Unit 2,7362.0,2026-07-29 18:30:00,stopped out,-1.0,-1.0
2026-07-28_Trade_2,2026-07-28,Trade 2 - Pivot (buy limit daily S1),Trade 2,LONG,LIMIT,7387.0,7362.0,7411.0,7435.0,7512.0,25.0,card,baseline,FILLED,2026-07-29,LIMIT touched,,2026-07-29 17:00:00,7387.0,25.0,1.0,Unit 3,7362.0,2026-07-29 18:30:00,stopped out,-1.0,-1.0
2026-07-28_Trade_3,2026-07-28,Trade 3 - Mean-Reversion (buy stop on P reclaim),Trade 3,LONG,STOP,7420.0,7378.0,7435.0,7457.0,7538.0,42.0,card,baseline,FILLED,2026-07-29,STOP already marketable at 09:00 - filled at open,,2026-07-29 09:00:00,7425.5,47.5,1.131,Unit 1,7435.0,2026-07-29 09:30:00,TP1 reached,0.2,0.357
2026-07-28_Trade_3,2026-07-28,Trade 3 - Mean-Reversion (buy stop on P reclaim),Trade 3,LONG,STOP,7420.0,7378.0,7435.0,7457.0,7538.0,42.0,card,baseline,FILLED,2026-07-29,STOP already marketable at 09:00 - filled at open,,2026-07-29 09:00:00,7425.5,47.5,1.131,Unit 2,7457.0,2026-07-29 12:45:00,TP2 reached,0.663,0.881
2026-07-28_Trade_3,2026-07-28,Trade 3 - Mean-Reversion (buy stop on P reclaim),Trade 3,LONG,STOP,7420.0,7378.0,7435.0,7457.0,7538.0,42.0,card,baseline,FILLED,2026-07-29,STOP already marketable at 09:00 - filled at open,,2026-07-29 09:00:00,7425.5,47.5,1.131,Unit 3,7425.5,2026-07-29 15:15:00,BE trail hit (BE_ON_TP1),0.0,0.131
2026-07-29_Trade_1,2026-07-29,Trade 1 - Daily Directional,Trade 1,n/a,MARKET,,,,,,,card,baseline,SUPPRESSED,,,,,,,,All,,,,0.0,0.0
2026-07-29_Trade_2,2026-07-29,Trade 2 - Pivot (TRANSITION breakout side),Trade 2,LONG,STOP,7438.79,7399.39,7478.18,7517.57,7560.0,39.4,card,baseline,FILLED,2026-07-30,STOP touched,,2026-07-30 22:00:00,7438.79,39.4,1.0,Unit 1,7478.18,2026-07-31 07:45:00,TP1 reached,1.0,1.0
2026-07-29_Trade_2,2026-07-29,Trade 2 - Pivot (TRANSITION breakout side),Trade 2,LONG,STOP,7438.79,7399.39,7478.18,7517.57,7560.0,39.4,card,baseline,FILLED,2026-07-30,STOP touched,,2026-07-30 22:00:00,7438.79,39.4,1.0,Unit 2,7438.79,2026-07-31 16:45:00,BE trail hit (BE_ON_TP1),0.0,0.0
2026-07-29_Trade_2,2026-07-29,Trade 2 - Pivot (TRANSITION breakout side),Trade 2,LONG,STOP,7438.79,7399.39,7478.18,7517.57,7560.0,39.4,card,baseline,FILLED,2026-07-30,STOP touched,,2026-07-30 22:00:00,7438.79,39.4,1.0,Unit 3,7438.79,2026-07-31 16:45:00,BE trail hit (BE_ON_TP1),0.0,0.0
2026-07-29_Trade_3C,2026-07-29,Trade 3C - Momentum-Breakout (conditional upside),Trade 3C,LONG,CONDITIONAL,7598.01,7409.11,7868.82,8012.48,,188.9,card,baseline,FILLED,2026-08-04,MARKET at 09:00 open,confirmed close 7603.2 on 2026-08-03; ,2026-08-04 09:00:00,7620.3,211.19,1.118,Unit 1,7741.2,2026-09-03 23:45:00,unresolved at end of data - MTM,0.572,0.758
2026-07-29_Trade_3C,2026-07-29,Trade 3C - Momentum-Breakout (conditional upside),Trade 3C,LONG,CONDITIONAL,7598.01,7409.11,7868.82,8012.48,,188.9,card,baseline,FILLED,2026-08-04,MARKET at 09:00 open,confirmed close 7603.2 on 2026-08-03; ,2026-08-04 09:00:00,7620.3,211.19,1.118,Unit 2,7741.2,2026-09-03 23:45:00,unresolved at end of data - MTM,0.572,0.758
2026-07-29_Trade_3C,2026-07-29,Trade 3C - Momentum-Breakout (conditional upside),Trade 3C,LONG,CONDITIONAL,7598.01,7409.11,7868.82,8012.48,,188.9,card,baseline,FILLED,2026-08-04,MARKET at 09:00 open,confirmed close 7603.2 on 2026-08-03; ,2026-08-04 09:00:00,7620.3,211.19,1.118,Unit 3,7741.2,2026-09-03 23:45:00,unresolved at end of data - MTM,0.572,0.758
2026-07-30_Trade_1,2026-07-30,Trade 1 - Daily Directional,Trade 1,SHORT,MARKET,7316.0,7401.0,7231.0,7146.0,7181.0,85.0,card,baseline,SKIPPED_MALFORMED,2026-07-31,MARKET at 09:00 open,,2026-07-31 09:00:00,7477.9,76.9,0.905,All,,,MALFORMED - stop on wrong side of fill; not taken,0.0,0.0
2026-07-30_Trade_2,2026-07-30,Trade 2 - Pivot (regime-aware),Trade 2,n/a,MARKET,,,,,,,card,baseline,SUPPRESSED,,,,,,,,All,,,,0.0,0.0
2026-07-30_Trade_3C,2026-07-30,Trade 3C - Momentum-Breakout (conditional short),Trade 3C,SHORT,CONDITIONAL,7280.0,7408.0,7008.0,6865.0,,128.0,card,baseline,NO TRIGGER,,,confirming close beyond 7280.0 never printed,,,,,All,,,,0.0,0.0
2026-07-31_Trade_1,2026-07-31,Trade 1 - Daily Directional (breakout stop),Trade 1,LONG,STOP,7455.0,7366.0,7510.0,7582.0,7650.0,89.0,card,baseline,FILLED,2026-08-03,STOP already marketable at 09:00 - filled at open,,2026-08-03 09:00:00,7534.9,168.9,1.898,Unit 1,7510.0,2026-08-03 09:00:00,TP1 reached,-0.147,0.618
2026-07-31_Trade_1,2026-07-31,Trade 1 - Daily Directional (breakout stop),Trade 1,LONG,STOP,7455.0,7366.0,7510.0,7582.0,7650.0,89.0,card,baseline,FILLED,2026-08-03,STOP already marketable at 09:00 - filled at open,,2026-08-03 09:00:00,7534.9,168.9,1.898,Unit 2,7534.9,2026-08-03 09:00:00,BE trail hit (BE_ON_TP1),0.0,0.898
2026-07-31_Trade_1,2026-07-31,Trade 1 - Daily Directional (breakout stop),Trade 1,LONG,STOP,7455.0,7366.0,7510.0,7582.0,7650.0,89.0,card,baseline,FILLED,2026-08-03,STOP already marketable at 09:00 - filled at open,,2026-08-03 09:00:00,7534.9,168.9,1.898,Unit 3,7534.9,2026-08-03 09:00:00,BE trail hit (BE_ON_TP1),0.0,0.898
2026-07-31_Trade_2,2026-07-31,Trade 2 - Pivot (buy limit daily P),Trade 2,LONG,LIMIT,7405.0,7340.0,7476.0,7515.0,7560.0,65.0,card,baseline,NO FILL,2026-08-03,,LIMIT 7405.0 not reached from 09:00 to 23:00 on 2026-08-03 (range 7515.4-7609.4),,,,,All,,,,0.0,0.0
2026-07-31_Trade_3A,2026-07-31,Trade 3A - Momentum-Pullback (38.2% fib),Trade 3A,LONG,LIMIT,7412.0,7360.0,7464.0,7516.0,7570.0,52.0,card,baseline,NO FILL,2026-08-03,,LIMIT 7412.0 not reached from 09:00 to 23:00 on 2026-08-03 (range 7515.4-7609.4),,,,,All,,,,0.0,0.0
